"","file_name","sheet_name","site_name","site_altname","date_ymd","latitude","longitude","lab","UVM_id","Aqualog_id","exp_num","DF","sample_num","rep_num","sample_id","sample_id_DOC","sample_id_EEM","bottle_id1","EEMs","Rep","DOC","EEM_contaminated","notes","DOC_mg.L","SUVA254","A254","SUVA","A280","A350","A440","S275to295","S350to400","SR","BA","FI","HIX","HIX_Ohno","PeakA_RU","PeakB_RU","PeakC_RU","PeakD_RU","PeakE_RU","PeakM_RU","PeakN_RU","PeakP_RU","PeakT_RU","PeakA_percent","PeakB_percent","PeakC_percent","PeakD_percent","PeakE_percent","PeakM_percent","PeakN_percent","PeakP_percent","PeakT_percent","C1_RU","C2_RU","C3_RU","C4_RU","C5_RU","C6_RU","Fmax","C1_pc","C2_pc","C3_pc","C4_pc","C5_pc","C6_pc","TDN_mg.L","V1","V2","HIX.ohno","PeakA","PeakB","PeakC","PeakD","PeakE","PeakM","PeakN","PeakP","PeakT","turb_lab_NTU","turb_field_NTU","chla_ug.L","secchi_depth_m","ext_coeff_m"
"1","BuffalloPound_DOM_AllData.xlsx","BP WSA Spatiotemporal","Upstream of Causeway Centre","BPL u/s (upstream) of causeway",2015-06-01,50.721563,-105.603458,NA,NA,NA,NA,NA,NA,NA,NA,NA,NA,NA,NA,NA,NA,NA,NA,NA,NA,41.8752538323312,NA,28.2635518573946,6.98644867753475,1.15650832291737,0.0197757070296631,0.0204016358862405,0.969319673183679,0.716609043546456,1.5895967366396,10.0069066377474,0.90914795292525,3.14811107701094,NA,2.01784837349797,0.791827961689634,0.202415093808977,2.08110561570701,NA,0.0571950118204332,NA,NA,NA,NA,NA,NA,NA,NA,NA,NA,1.78673077399193,1.14190070684167,0.988292154756524,0.785386946455775,0.653002143207983,0.41742480540141,5.7727375306553,30.9511867550491,19.7809219764067,17.1199911568531,13.6051040305417,11.3118280493494,7.23096803180008,NA,NA,NA,NA,NA,NA,NA,NA,NA,NA,NA,NA,NA,NA,NA,NA,NA,NA
"2","BuffalloPound_DOM_AllData.xlsx","BP WSA Spatiotemporal","Upstream of Causeway East","BPL u/s (upstream) causeway (E - east side)",2015-06-01,50.722173,-105.599311,NA,NA,NA,NA,NA,NA,NA,NA,NA,NA,NA,NA,NA,NA,NA,NA,NA,NA,43.4942608410301,NA,29.5367735915128,7.23998424973033,1.24168245011296,0.0199155801135829,0.0199888488400943,0.996334519956726,0.719920310308202,1.58024498880678,8.78543251291509,0.897807276410095,3.18786635155578,NA,2.05944801876588,0.786096255391364,0.199796486147719,2.13658149197132,NA,0.0576870648695669,NA,NA,NA,NA,NA,NA,NA,NA,NA,NA,1.81616392215154,1.17709393913309,0.993472736038054,0.759074833451745,0.673364910420434,0.512898927748308,5.93206926894317,30.6160268839055,19.8428893151276,16.7474904792379,12.7961222136399,11.3512651301255,8.64620597796363,NA,NA,NA,NA,NA,NA,NA,NA,NA,NA,NA,NA,NA,NA,NA,NA,NA,NA
"3","BuffalloPound_DOM_AllData.xlsx","BP WSA Spatiotemporal","Upstream of Causeway West","BPL u/s (upstream) causeway W (west side)",2015-06-01,50.720744,-105.606945,NA,NA,NA,NA,NA,NA,NA,NA,NA,NA,NA,NA,NA,NA,NA,NA,NA,NA,42.3358134520183,NA,28.7366483481153,7.01842262519177,1.13867757101503,0.0199218221591537,0.0205224357192262,0.970733807220073,0.717219670482211,1.57871483290209,9.75340654981599,0.907006212834285,3.09496593321148,NA,1.99556551638547,0.770592676974711,0.197364024357242,2.0643860320468,NA,0.0554294653478242,NA,NA,NA,NA,NA,NA,NA,NA,NA,NA,1.75662756513665,1.14720892832662,0.968019231239003,0.745062180239353,0.655408484301547,0.41577465763184,5.68810104687502,30.8824957689829,20.1685750459178,17.018319879722,13.0986101354279,11.522447982207,7.30955118774238,NA,NA,NA,NA,NA,NA,NA,NA,NA,NA,NA,NA,NA,NA,NA,NA,NA,NA
"4","BuffalloPound_DOM_AllData.xlsx","BP WSA Spatiotemporal","1.5 km below Qu'Appelle R. Inflow Centre","BPL below Qu'ap inflow",2015-06-01,50.735692,-105.62639,NA,NA,NA,NA,NA,NA,NA,NA,NA,NA,NA,NA,NA,NA,NA,NA,NA,NA,41.944936667636,NA,28.5715467902325,7.11878911051982,1.20280546246452,0.0196442655733611,0.0200405649518642,0.980225139388289,0.713269743494292,1.58479042346276,9.31144655709276,0.903020396366003,3.05025688996526,NA,1.94078668816489,0.757457203706658,0.195888740533416,2.00877726958412,NA,0.0558388923877551,NA,NA,NA,NA,NA,NA,NA,NA,NA,NA,1.70903235587226,1.12990975774182,0.951007712095544,0.739704867609092,0.626748121363214,0.446672025618707,5.60307484030063,30.5016871018728,20.1658873020013,16.9729610829992,13.201766685119,11.1857888610602,7.97190896694752,NA,NA,NA,NA,NA,NA,NA,NA,NA,NA,NA,NA,NA,NA,NA,NA,NA,NA
"5","BuffalloPound_DOM_AllData.xlsx","BP WSA Spatiotemporal","1.5 km below Qu'Appelle R. Inflow East","BPL below Qu'ap inflow (E - east side)",2015-06-01,50.736322,-105.623713,NA,NA,NA,NA,NA,NA,NA,NA,NA,NA,NA,NA,NA,NA,NA,NA,NA,NA,36.2555538082023,NA,24.5940528614065,6.13544856852976,1.03414058268353,0.0197418623090547,0.0201491889827551,0.979784463084394,0.720195886544432,1.57370365874099,8.52710222044708,0.895036289433969,2.68244420257469,NA,1.67843533559636,0.681184813832766,0.180194103350517,1.72872365465405,NA,0.0519584514862293,NA,NA,NA,NA,NA,NA,NA,NA,NA,NA,1.47760737360878,0.971991885888176,0.844340881295529,0.675747857983818,0.560454322263502,0.444147848445436,4.97429016948524,29.7048890045289,19.5403133466329,16.9740978617438,13.5848097911374,11.2670210857743,8.92886891018258,NA,NA,NA,NA,NA,NA,NA,NA,NA,NA,NA,NA,NA,NA,NA,NA,NA,NA
"6","BuffalloPound_DOM_AllData.xlsx","BP WSA Spatiotemporal","Upstream of Causeway West","BP u/s (upstream) causeway WS (west side)",2015-06-01,50.720744,-105.606945,NA,NA,NA,NA,NA,NA,NA,NA,NA,NA,NA,NA,NA,NA,NA,NA,NA,NA,20.3071640525366,NA,13.7822093631067,3.34152083941821,0.556274178629559,0.0206330998451049,0.0202604875031958,1.01839108470862,0.729905048426232,1.55588228118597,7.91239960509651,0.887796772551788,1.53198220935661,NA,0.932012348675713,0.370960991621287,0.103869635496698,0.970748608449292,NA,0.0283332646146375,NA,NA,NA,NA,NA,NA,NA,NA,NA,NA,0.802924042107803,0.60662369570883,0.464399395624988,0.366647054284487,0.321452217553645,0.276555038611146,2.8386014438909,28.2859026876005,21.3705131805092,16.360147939206,12.9164682514189,11.3243167069283,9.74265123433705,NA,NA,NA,NA,NA,NA,NA,NA,NA,NA,NA,NA,NA,NA,NA,NA,NA,NA
"7","BuffalloPound_DOM_AllData.xlsx","BP WSA Spatiotemporal","1.5 km below Qu'Appelle R. Inflow West","BPL below Qu'ap. inflow (W)",2015-06-01,50.734637,-105.629262,NA,NA,NA,NA,NA,NA,NA,NA,NA,NA,NA,NA,NA,NA,NA,NA,NA,NA,39.7592350037767,NA,26.8595691267431,6.62906459982325,1.08810912358193,0.0198669387495543,0.0204347165739737,0.97221503795445,0.71900162485233,1.58002594409877,9.96713372374142,0.908818472976652,2.93500481186223,NA,1.85910048511586,0.730804174297508,0.191847834537688,1.92129247228398,NA,0.0533464017394773,NA,NA,NA,NA,NA,NA,NA,NA,NA,NA,1.63821533655959,1.07744031829299,0.917737911423961,0.726804501241857,0.600494070135122,0.385830892234863,5.34652302988839,30.6407608720951,20.1521682833841,17.16513529061,13.5939655955626,11.2314875813348,7.21648237701348,NA,NA,NA,NA,NA,NA,NA,NA,NA,NA,NA,NA,NA,NA,NA,NA,NA,NA
"8","BuffalloPound_DOM_AllData.xlsx","BP WSA Spatiotemporal","0.5 mi Below Causeway","BPL 0.5 miles below causeway",2015-06-01,50.71159,-105.58777,NA,NA,NA,NA,NA,NA,NA,NA,NA,NA,NA,NA,NA,NA,NA,NA,NA,NA,29.0077267929892,NA,19.8156757505282,4.83101911881524,0.777664487382332,0.0201521206849473,0.0205757521785797,0.97941112966585,0.724894962711074,1.57933052255119,9.18572190675894,0.901823355364098,2.15117598149753,NA,1.3598759651257,0.531432419279143,0.136170677020184,1.40749885990422,NA,0.0389613336104488,NA,NA,NA,NA,NA,NA,NA,NA,NA,NA,1.19153626013077,0.811801506704839,0.663710038823879,0.524624799132106,0.45013960475576,0.321175260678677,3.96298747022603,30.066616891494,20.4845842386309,16.7477198404068,13.2381140004509,11.3585926813462,8.10437234767131,NA,NA,NA,NA,NA,NA,NA,NA,NA,NA,NA,NA,NA,NA,NA,NA,NA,NA
"9","BuffalloPound_DOM_AllData.xlsx","BP WSA Spatiotemporal","Opposite South Lake","BPL opp. South lake",2015-06-01,50.68295,-105.5591,NA,NA,NA,NA,NA,NA,NA,NA,NA,NA,NA,NA,NA,NA,NA,NA,NA,NA,23.7681076955607,NA,16.2929071916572,4.01213595613952,0.663161801487095,0.0200877899745381,0.0202743864987347,0.990796440414694,0.733815919917911,1.59030228634081,8.7161770428906,0.897078861821306,1.79342021065203,NA,1.12563271061102,0.444076534290166,0.115218662987025,1.16415144523292,NA,0.0325000111261209,NA,NA,NA,NA,NA,NA,NA,NA,NA,NA,0.995452681744509,0.661435391700712,0.552491756931478,0.445106625276801,0.376325644672511,0.294151482141817,3.32496358246783,29.9387544270687,19.8930116163795,16.6164754358426,13.3868120428085,11.3181884654868,8.84675801241391,NA,NA,NA,NA,NA,NA,NA,NA,NA,NA,NA,NA,NA,NA,NA,NA,NA,NA
"10","BuffalloPound_DOM_AllData.xlsx","BP WSA Spatiotemporal","Opposite Sun Valley","BPL opp. Sun Valley",2015-06-01,50.65615,-105.52058,NA,NA,NA,NA,NA,NA,NA,NA,NA,NA,NA,NA,NA,NA,NA,NA,NA,NA,20.5854736279705,NA,14.1166140551705,3.45577694793167,0.562990795019721,0.0202321580773492,0.0203685240503902,0.993305063601877,0.749732861052654,1.58136190115865,7.72724047099296,0.885416243161428,1.52348680834069,NA,0.953981470480931,0.374942233718384,0.0988792334204481,0.98547692602008,NA,0.0283404236124475,NA,NA,NA,NA,NA,NA,NA,NA,NA,NA,0.833762384622787,0.563738929845518,0.469727674657122,0.378781822472173,0.338308194136117,0.286270814509053,2.87058982024277,29.0449850669461,19.6384354835426,16.3634550413544,13.1952611202439,11.7853199279967,9.97254335991629,NA,NA,NA,NA,NA,NA,NA,NA,NA,NA,NA,NA,NA,NA,NA,NA,NA,NA
"11","BuffalloPound_DOM_AllData.xlsx","BP WSA Spatiotemporal","Opposite Sun Valley","BPL opp. Sun Valley",2015-06-01,50.65615,-105.52058,NA,NA,NA,NA,NA,NA,NA,NA,NA,NA,NA,NA,NA,NA,NA,NA,NA,NA,22.7368019727119,NA,15.5963912812631,3.83233590684199,0.641081289431813,0.020115231656257,0.0202913258784912,0.991321699563218,0.741480881155157,1.59088730172589,7.87058341190061,0.887267843211032,1.70569092286513,NA,1.07321417500607,0.419727149776224,0.108530857855364,1.11110139354668,NA,0.0316086500687438,NA,NA,NA,NA,NA,NA,NA,NA,NA,NA,0.943414577599185,0.62701723750416,0.519720502978543,0.416458778688618,0.369909676417159,0.315555534917426,3.19207630810509,29.5548879957454,19.6429275801485,16.281581416425,13.0466423259111,11.5883719783863,9.88558870338376,NA,NA,NA,NA,NA,NA,NA,NA,NA,NA,NA,NA,NA,NA,NA,NA,NA,NA
"12","BuffalloPound_DOM_AllData.xlsx","BP WSA Spatiotemporal","Opposite Parkview","BP opp. park view",2015-06-01,50.6178,-105.44383,NA,NA,NA,NA,NA,NA,NA,NA,NA,NA,NA,NA,NA,NA,NA,NA,NA,NA,19.1535009735475,NA,13.0598693628705,3.08748860298021,0.490958941092232,0.020883888163876,0.0206455263161744,1.01154544786368,0.76435348571442,1.59028199553483,6.91304937945583,0.873626467870119,1.3992227860261,NA,0.873248582181846,0.338044749804665,0.0904006613575699,0.908362337074346,NA,0.0264327890365456,NA,NA,NA,NA,NA,NA,NA,NA,NA,NA,0.760457935749693,0.525720262285958,0.423242751803104,0.343172137055448,0.327824008551465,0.306686723221462,2.68710381866713,28.3002811602158,19.564568314548,15.7508894469527,12.7710784626725,12.199901108178,11.413281507433,NA,NA,NA,NA,NA,NA,NA,NA,NA,NA,NA,NA,NA,NA,NA,NA,NA,NA
"13","BuffalloPound_DOM_AllData.xlsx","BP WSA Spatiotemporal","Opposite Parkview","BPL opposite of park view",2015-06-01,50.6178,-105.44383,NA,NA,NA,NA,NA,NA,NA,NA,NA,NA,NA,NA,NA,NA,NA,NA,NA,NA,19.6368817292706,NA,13.4656597028358,3.23629296749969,0.515188885015742,0.0205161261160609,0.0206196440888802,0.994979643083408,0.752027391044859,1.60207778761842,7.36325986262535,0.88042939996772,1.44467965311594,NA,0.89985052711727,0.349665640174571,0.0921686722427222,0.940785942895381,NA,0.0300358191764604,NA,NA,NA,NA,NA,NA,NA,NA,NA,NA,0.78919274590909,0.541787745098608,0.436175092657243,0.350197668221651,0.32065487415839,0.28433558770574,2.72234371375072,28.9894601450518,19.9015187671566,16.0220434493299,12.8638300319237,11.7786329675692,10.4445146389688,NA,NA,NA,NA,NA,NA,NA,NA,NA,NA,NA,NA,NA,NA,NA,NA,NA,NA
"14","BuffalloPound_DOM_AllData.xlsx","BP WSA Spatiotemporal","Opposite WTP Intake","BPL opp. WTP (water treatment plant) intake",2015-06-01,50.58653,-105.38421,NA,NA,NA,NA,NA,NA,NA,NA,NA,NA,NA,NA,NA,NA,NA,NA,NA,NA,19.1359856089961,NA,13.0567146603736,3.06357315820792,0.48080094192367,0.0208882419137689,0.0207895186805466,1.00474870220611,0.756718145842723,1.59643589085581,6.80896955881228,0.871942131100829,1.36519543870049,NA,0.847740911637425,0.326955012544704,0.0868557573300411,0.886278248935402,NA,0.0286072502779041,NA,NA,NA,NA,NA,NA,NA,NA,NA,NA,0.737961368851757,0.526749834070799,0.407384253914189,0.32383879639243,0.308067446407659,0.298499010410416,2.60250071004725,28.3558565806639,20.2401418004315,15.6535693666263,12.4433701455763,11.8373626265818,11.4696994801203,NA,NA,NA,NA,NA,NA,NA,NA,NA,NA,NA,NA,NA,NA,NA,NA,NA,NA
"15","BuffalloPound_DOM_AllData.xlsx","BP WSA Spatiotemporal","Opposite WTP Intake","BPL opp. WTP (water treatment plant) intake",2015-06-01,50.58653,-105.38421,NA,NA,NA,NA,NA,NA,NA,NA,NA,NA,NA,NA,NA,NA,NA,NA,NA,NA,19.09024693586,NA,13.0629833008068,3.08206007273776,0.495498915084986,0.0207958727628988,0.0208409319758019,0.997837946356935,0.771429756543359,1.58657404750432,6.33872425583015,0.863736534424827,1.38692180055409,NA,0.865459172603772,0.333831499331951,0.0874452653451152,0.905853855468446,NA,0.0257616852789402,NA,NA,NA,NA,NA,NA,NA,NA,NA,NA,0.754222741028218,0.518043569671634,0.415865950388591,0.337067041645277,0.328666180730835,0.346693174906476,2.70055865837103,27.9283969148503,19.1828297476833,15.3992563390362,12.481381976298,12.1703033449044,12.8378316772279,NA,NA,NA,NA,NA,NA,NA,NA,NA,NA,NA,NA,NA,NA,NA,NA,NA,NA
"16","BuffalloPound_DOM_AllData.xlsx","BP WSA Spatiotemporal","0.5 mi Above Outlet","BPL 0.5 miles above outlet",2015-06-01,50.57318,-105.34174,NA,NA,NA,NA,NA,NA,NA,NA,NA,NA,NA,NA,NA,NA,NA,NA,NA,NA,18.9532836853069,NA,12.9154875364799,3.01144589603261,0.470276405442489,0.0209889997286207,0.0208246334473124,1.00789287752527,0.747944914049015,1.59154659489369,7.24298228804985,0.878684684128251,1.34190367124528,NA,0.831934835279574,0.319771790643952,0.0846561271279481,0.871305361992593,NA,0.0297781851928452,NA,NA,NA,NA,NA,NA,NA,NA,NA,NA,0.723379587497313,0.528242611670672,0.399069113145619,0.318020434001577,0.295808370715772,0.271038518398682,2.53555863542964,28.5293969301065,20.8333818153318,15.7389029608459,12.5424208124333,11.6663983464002,10.6894991348822,NA,NA,NA,NA,NA,NA,NA,NA,NA,NA,NA,NA,NA,NA,NA,NA,NA,NA
"17","BuffalloPound_DOM_AllData.xlsx","BP WSA Spatiotemporal","Qu'Appelle River at Marquis","Qu'appelle River at Marquis",2015-06-02,50.76727,-105.72496,NA,NA,NA,NA,NA,NA,NA,NA,NA,NA,NA,NA,NA,NA,NA,NA,NA,NA,11.4395313421203,NA,7.82993350677567,1.91032013731127,0.308135210843007,0.0204211992507491,0.0208068125639766,0.981466968472858,0.725242130084234,1.53215997431808,8.36825886415123,0.893256578997126,0.92286417555611,NA,0.531010689531028,0.23711487505197,0.0756392378102463,0.555338560622714,NA,0.0181432364207059,NA,NA,NA,NA,NA,NA,NA,NA,NA,NA,0.457867091802951,0.365724698715082,0.292497648696837,0.239187485005592,0.175401261307501,0.162865208010417,1.69354339353838,27.0360413290807,21.5952363612579,17.2713406584588,14.1234931397801,10.3570573967419,9.61683111468062,NA,NA,NA,NA,NA,NA,NA,NA,NA,NA,NA,NA,NA,NA,NA,NA,NA,NA
"18","BuffalloPound_DOM_AllData.xlsx","BP WSA Spatiotemporal","0.5 mi Below Outlet","Buffalo Pound outlet",2015-06-02,50.57263,-105.33027,NA,NA,NA,NA,NA,NA,NA,NA,NA,NA,NA,NA,NA,NA,NA,NA,NA,NA,18.6138503211413,NA,12.5960446509359,2.84246757499186,0.434302891518485,0.0215141307261812,0.0211839182817161,1.01558788322697,0.765987368515573,1.5837592981928,5.95871144578814,0.856295233996911,1.29027625283043,NA,0.789606081239163,0.302942408163415,0.0800513400271199,0.832711839277633,NA,0.0227336192613124,NA,NA,NA,NA,NA,NA,NA,NA,NA,NA,0.682305483535475,0.508211873756194,0.377073889957757,0.301926526540422,0.295865301174396,0.33612221359171,2.50150528855595,27.275796163891,20.3162422274778,15.0738793830586,12.0697936527136,11.8274905325181,13.4367980403409,NA,NA,NA,NA,NA,NA,NA,NA,NA,NA,NA,NA,NA,NA,NA,NA,NA,NA
"19","BuffalloPound_DOM_AllData.xlsx","BP WSA Spatiotemporal","Pelican Lake","Pelican Lake S (south) basin",2015-06-02,50.504047,-105.955649,NA,NA,NA,NA,NA,NA,NA,NA,NA,NA,NA,NA,NA,NA,NA,NA,NA,NA,48.6185654074631,NA,29.4949209495889,5.83214532301444,0.892343063981722,0.0248424226218084,0.0215687622803955,1.15177784885637,0.79501784806083,1.60228849800851,6.52367669381683,0.867086261053478,2.9093096191074,NA,1.80934279161264,0.68126207360589,0.192407400466806,1.88674392592242,NA,0.0507319448042457,NA,NA,NA,NA,NA,NA,NA,NA,NA,NA,1.57369160536425,1.14114837460587,0.839175697742558,0.685511710600756,0.751708287973882,0.609868397799898,5.60110407408721,28.0960964936312,20.3736327608202,14.9823264599723,12.2388675792008,13.4207163093356,10.8883603970398,NA,NA,NA,NA,NA,NA,NA,NA,NA,NA,NA,NA,NA,NA,NA,NA,NA,NA
"20","BuffalloPound_DOM_AllData.xlsx","BP WSA Spatiotemporal","Qu'Appelle River at Marquis","Qu'appelle River at Marquis",2015-06-10,50.76727,-105.72496,NA,NA,NA,NA,NA,NA,NA,NA,NA,NA,NA,NA,NA,NA,NA,NA,NA,NA,11.0017269922542,NA,7.47413396184734,1.78140571154213,0.282438456907753,0.0208044907408763,0.0207705424469755,1.00163444426102,0.733925544855643,1.5166128704272,6.67772004456597,0.869753000344449,0.830387735830854,NA,0.475243843514781,0.211864048579699,0.0669345377483871,0.503682066938692,NA,0.0173222116633845,NA,NA,NA,NA,NA,NA,NA,NA,NA,NA,0.408191446259131,0.3294918994686,0.261444459970746,0.21123505728746,0.162985905598446,0.189330353830696,1.56267912241508,26.1212580627738,21.0850644090886,16.7305274781358,13.517494043243,10.4299022915565,12.1157537152023,NA,NA,NA,NA,NA,NA,NA,NA,NA,NA,NA,NA,NA,NA,NA,NA,NA,NA
"21","BuffalloPound_DOM_AllData.xlsx","BP WSA Spatiotemporal","Upstream of Causeway East","BP u/s (upstream) causeway east side",2015-06-10,50.722173,-105.599311,NA,NA,NA,NA,NA,NA,NA,NA,NA,NA,NA,NA,NA,NA,NA,NA,NA,NA,22.6183625101695,NA,15.2692005150228,3.6281120627664,0.581676907228156,0.0207880364867568,0.0207256255653226,1.00301129252951,0.733821674072542,1.56916714556656,7.87610875506688,0.887338018540032,1.66784566628516,NA,1.01394807717797,0.397743651594319,0.109152775699955,1.0651338581432,NA,0.0310634257127146,NA,NA,NA,NA,NA,NA,NA,NA,NA,NA,0.878101518081784,0.663232757701126,0.499475593052137,0.394156357853494,0.35250297860404,0.305950041363474,3.09341924665606,28.386114136679,21.4401186783224,16.1463918475345,12.7417697513705,11.3952539406061,9.89035164548751,NA,NA,NA,NA,NA,NA,NA,NA,NA,NA,NA,NA,NA,NA,NA,NA,NA,NA
"22","BuffalloPound_DOM_AllData.xlsx","BP WSA Spatiotemporal","Upstream of Causeway Centre","BP u/s (upstream) causeway",2015-06-10,50.721563,-105.603458,NA,NA,NA,NA,NA,NA,NA,NA,NA,NA,NA,NA,NA,NA,NA,NA,NA,NA,21.9621472150232,NA,14.8169701217053,3.48699199159349,0.549246414821702,0.0207493790287819,0.0208975789371124,0.992908273787286,0.733335210289064,1.56155459803472,5.9179740833645,0.855449010367836,1.58557847686217,NA,0.967618049660348,0.37515885262554,0.102420683864695,1.01519215938552,NA,0.0266642905192607,NA,NA,NA,NA,NA,NA,NA,NA,NA,NA,0.833049562358471,0.614215656227853,0.47683325802563,0.372431279760221,0.336276674366989,0.422416198536542,3.05522262927571,27.266411107853,20.1037937576897,15.6071526001584,12.189988257861,11.0066176894844,13.8260365869535,NA,NA,NA,NA,NA,NA,NA,NA,NA,NA,NA,NA,NA,NA,NA,NA,NA,NA
"23","BuffalloPound_DOM_AllData.xlsx","BP WSA Spatiotemporal","Upstream of Causeway West","BP u/s (upstream) causeway WS (west side)",2015-06-10,50.720744,-105.606945,NA,NA,NA,NA,NA,NA,NA,NA,NA,NA,NA,NA,NA,NA,NA,NA,NA,NA,20.1972178954848,NA,13.6550415007464,3.25838744428886,0.518499330375928,0.0207542880863325,0.0204931536539263,1.01274252059083,0.736804010828243,1.56294061838054,7.94587430442342,0.888216627467531,1.50892456722258,NA,0.909841514958885,0.365170214582374,0.102922731620093,0.951940267865858,NA,0.0283617864867403,NA,NA,NA,NA,NA,NA,NA,NA,NA,NA,0.785841194406558,0.599061647559714,0.456627136472334,0.362397482320069,0.316812589170553,0.27277306712941,2.79351311705864,28.1309291017037,21.44474081405,16.3459814698536,12.9728219318922,11.3410095422832,9.76451714021733,NA,NA,NA,NA,NA,NA,NA,NA,NA,NA,NA,NA,NA,NA,NA,NA,NA,NA
"24","BuffalloPound_DOM_AllData.xlsx","BP WSA Spatiotemporal","0.5 mi Below Causeway","BP 0.5 miles below causeway",2015-06-10,50.71159,-105.58777,NA,NA,NA,NA,NA,NA,NA,NA,NA,NA,NA,NA,NA,NA,NA,NA,NA,NA,26.9087149777644,NA,18.1691976784018,4.28020987937717,0.674047910589685,0.0206586941880378,0.0210097504480166,0.98329079344148,0.737690303340841,1.58831990065094,6.28117221744478,0.862659477054515,1.95471508570565,NA,1.21752363343496,0.464426149105517,0.119767768444389,1.26900511996924,NA,0.0337004864594368,NA,NA,NA,NA,NA,NA,NA,NA,NA,NA,1.05897364003687,0.743575254199787,0.585377469900002,0.461062337838726,0.422516242369653,0.488498009914865,3.76000295425991,28.1641704253745,19.7759220736077,15.5685374990676,12.2622865845455,11.2371252764831,12.9919581409217,NA,NA,NA,NA,NA,NA,NA,NA,NA,NA,NA,NA,NA,NA,NA,NA,NA,NA
"25","BuffalloPound_DOM_AllData.xlsx","BP WSA Spatiotemporal","Opposite South Lake","BP opposite south lake",2015-06-10,50.68295,-105.5591,NA,NA,NA,NA,NA,NA,NA,NA,NA,NA,NA,NA,NA,NA,NA,NA,NA,NA,25.3318143778242,NA,17.123058642306,4.02655834523422,0.631942658489151,0.0207968108319916,0.0210201733443979,0.989373897695958,0.739422781801722,1.59278666987425,7.27911799812384,0.879214186797843,1.87362352422714,NA,1.16245804537737,0.448240570800668,0.115156834403467,1.2084758200831,NA,0.0315037533305115,NA,NA,NA,NA,NA,NA,NA,NA,NA,NA,1.01763462642023,0.70172654356403,0.560933080076851,0.446736789182751,0.4004278259206,0.395562999339666,3.52302186450413,28.8852770592572,19.918313611227,15.9219301398177,12.680500046957,11.3660329490167,11.2279461937243,NA,NA,NA,NA,NA,NA,NA,NA,NA,NA,NA,NA,NA,NA,NA,NA,NA,NA
"26","BuffalloPound_DOM_AllData.xlsx","BP WSA Spatiotemporal","Opposite Sun Valley","BP opposite Sun Valley",2015-06-10,50.65615,-105.52058,NA,NA,NA,NA,NA,NA,NA,NA,NA,NA,NA,NA,NA,NA,NA,NA,NA,NA,21.8092376463803,NA,14.7033456189119,3.4783004726534,0.565734205588224,0.0208606213903525,0.0206149859041845,1.01191538462892,0.749368185186844,1.58780367375279,6.60551180418439,0.868516409447971,1.57417652262519,NA,0.971451355959261,0.377252151091191,0.0988523050896824,1.01437258951472,NA,0.0252588255514674,NA,NA,NA,NA,NA,NA,NA,NA,NA,NA,0.853107306034099,0.587223790034281,0.470732533619014,0.376216213179535,0.345234725361678,0.362925936162003,2.99544050439061,28.4801953096262,19.6039209983824,15.7149685640236,12.5596289636897,11.5253407589183,12.1159454053599,NA,NA,NA,NA,NA,NA,NA,NA,NA,NA,NA,NA,NA,NA,NA,NA,NA,NA
"27","BuffalloPound_DOM_AllData.xlsx","BP WSA Spatiotemporal","Opposite Parkview","BP opp. park view",2015-06-10,50.6178,-105.44383,NA,NA,NA,NA,NA,NA,NA,NA,NA,NA,NA,NA,NA,NA,NA,NA,NA,NA,19.0809070169782,NA,12.9832420824493,3.02664491231132,0.458821595692579,0.0210382823872917,0.0212179211084091,0.99153363233846,0.770787562853786,1.59245787168599,6.2491690700631,0.862053155287866,1.3986305511815,NA,0.865343013123855,0.334960001124612,0.089286091698231,0.90780177482303,NA,0.0275539541755962,NA,NA,NA,NA,NA,NA,NA,NA,NA,NA,0.750156948296007,0.531044123741957,0.416678204575558,0.337709681845307,0.33491937354259,0.342152127790546,2.71266045979197,27.653919811016,19.5765054865246,15.3604998027477,12.4493900674619,12.346527643503,12.6131571887469,NA,NA,NA,NA,NA,NA,NA,NA,NA,NA,NA,NA,NA,NA,NA,NA,NA,NA
"28","BuffalloPound_DOM_AllData.xlsx","BP WSA Spatiotemporal","Opposite WTP Intake","BP opposite treatment plant intake",2015-06-10,50.58653,-105.38421,NA,NA,NA,NA,NA,NA,NA,NA,NA,NA,NA,NA,NA,NA,NA,NA,NA,NA,19.3403095859763,NA,13.0230443151083,2.94126868922317,0.433085170054123,0.0213394173633794,0.0216225434926536,0.986905974804934,0.759837889030427,1.59080884222642,6.4550147550857,0.865862103181242,1.36464908372355,NA,0.848632369584747,0.319261119724241,0.0850436864244515,0.891403692428722,NA,0.0217064774326027,NA,NA,NA,NA,NA,NA,NA,NA,NA,NA,0.735657414622729,0.535279320277249,0.398729236797408,0.324032128198441,0.309057709960949,0.301219116663857,2.60397492652063,28.2513248161608,20.556239417884,15.3123301125706,12.4437499339291,11.8686899329674,11.5676657864881,NA,NA,NA,NA,NA,NA,NA,NA,NA,NA,NA,NA,NA,NA,NA,NA,NA,NA
"29","BuffalloPound_DOM_AllData.xlsx","BP WSA Spatiotemporal","1.5 km below Qu'Appelle R. Inflow East","BP lake below Qu'ap inflow ES (east side)",2015-06-10,50.736322,-105.623713,NA,NA,NA,NA,NA,NA,NA,NA,NA,NA,NA,NA,NA,NA,NA,NA,NA,NA,18.5958101013072,NA,12.4981450623435,2.99728583076192,0.451600068268051,0.0205708912461496,0.021221886520524,0.969324344763376,0.728161295875016,1.56961657827917,8.33398975075246,0.892864677731258,1.41871857094907,NA,0.840988037223294,0.349879284007527,0.100560979706797,0.880195588944886,NA,0.0252618907954392,NA,NA,NA,NA,NA,NA,NA,NA,NA,NA,0.729459627239379,0.557861411548917,0.435724288326633,0.35381153875262,0.284912211435972,0.244673833661707,2.60644291096523,27.9867870564348,21.4031701673576,16.7172005376966,13.5744979206775,10.9310743096407,9.38727000819283,NA,NA,NA,NA,NA,NA,NA,NA,NA,NA,NA,NA,NA,NA,NA,NA,NA,NA
"30","BuffalloPound_DOM_AllData.xlsx","BP WSA Spatiotemporal","0.5 mi Above Outlet","BP 0.5 miles above outlet",2015-06-10,50.57318,-105.34174,NA,NA,NA,NA,NA,NA,NA,NA,NA,NA,NA,NA,NA,NA,NA,NA,NA,NA,18.5154699778935,NA,12.5551563573426,2.7584895104052,0.414694546138158,0.0219279487040946,0.0209874353480237,1.04481316275547,0.770226370432728,1.59191645887744,6.26862889206754,0.86242247130111,1.29443301839884,NA,0.792609251543665,0.301545573915698,0.080471060956866,0.831826191138026,NA,0.0226710199604933,NA,NA,NA,NA,NA,NA,NA,NA,NA,NA,NA,NA,NA,NA,NA,NA,NA,NA,NA,NA,NA,NA,NA,NA,NA,NA,NA,NA,NA,NA,NA,NA,NA,NA,NA,NA,NA,NA,NA,NA,NA
"31","BuffalloPound_DOM_AllData.xlsx","BP WSA Spatiotemporal","1.5 km below Qu'Appelle R. Inflow West","BP lake below Qu'appelle inflow WS (west side)",2015-06-10,50.734637,-105.629262,NA,NA,NA,NA,NA,NA,NA,NA,NA,NA,NA,NA,NA,NA,NA,NA,NA,NA,11.723059367157,NA,7.94809208048042,1.87960230503289,0.296473088418788,0.0208707866248955,0.0209482647367849,0.996301454422935,0.741732797018396,1.53338907030255,5.3813777522896,0.843294028528368,0.891353166448511,NA,0.506993217818978,0.22278813501087,0.0672189547753596,0.537450073530179,NA,0.0180588125523083,NA,NA,NA,NA,NA,NA,NA,NA,NA,NA,0.434586369478783,0.349782077024059,0.27583947757343,0.2224968989097,0.181406356124335,0.266355732549913,1.73046691166022,25.1138213941253,20.2131618158752,15.9401763601934,12.8576222642844,10.4830872466838,15.392130918838,NA,NA,NA,NA,NA,NA,NA,NA,NA,NA,NA,NA,NA,NA,NA,NA,NA,NA
"32","BuffalloPound_DOM_AllData.xlsx","BP WSA Spatiotemporal","1.5 km below Qu'Appelle R. Inflow Centre","BP below Qu'ap inflow",2015-06-10,50.735692,-105.62639,NA,NA,NA,NA,NA,NA,NA,NA,NA,NA,NA,NA,NA,NA,NA,NA,NA,NA,17.0377444145835,NA,11.5371346799227,2.77004591921878,0.445966770463603,0.0206512989717848,0.0206899361600791,0.998132561260927,0.740200137218085,1.54785624651052,6.67576066305306,0.869719752361032,1.26500083278637,NA,0.744413475329615,0.310577804629903,0.0907486772197819,0.780132721717275,NA,0.0211092456179625,NA,NA,NA,NA,NA,NA,NA,NA,NA,NA,0.638303561121656,0.498002185158869,0.386662318788859,0.307478873633518,0.262899409575593,0.292238368739818,2.38558471701831,26.7566922510912,20.8754768424787,16.2082828595641,12.8890360271015,11.0203342476215,12.250177772143,NA,NA,NA,NA,NA,NA,NA,NA,NA,NA,NA,NA,NA,NA,NA,NA,NA,NA
"33","BuffalloPound_DOM_AllData.xlsx","BP WSA Spatiotemporal","Qu'Appelle River at Marquis","Qu'appelle River at Marquis",2015-07-13,50.76727,-105.72496,NA,NA,NA,NA,NA,NA,NA,NA,NA,NA,NA,NA,NA,NA,NA,NA,NA,NA,9.0953643058019,NA,6.20716336385488,1.48507946146288,0.245286304467132,0.0209176146540581,0.0206584775902264,1.01254386063542,0.72871992407339,1.53139316497333,7.36044456952978,0.880389135806896,0.718309041579785,NA,0.408469571093955,0.185635964497247,0.0612192400933022,0.434832728548455,NA,0.0141268777287984,NA,NA,NA,NA,NA,NA,NA,NA,NA,NA,0.352898788557085,0.27761672445583,0.230368244874043,0.191150994708005,0.141505467963442,0.141474417518897,1.3350146380773,26.4340763383189,20.7950322444146,17.2558590972321,14.3182695721825,10.5995442991726,10.5972184486793,NA,NA,NA,NA,NA,NA,NA,NA,NA,NA,NA,NA,NA,NA,NA,NA,NA,NA
"34","BuffalloPound_DOM_AllData.xlsx","BP WSA Spatiotemporal","Opposite WTP Intake","BP treatment plant intake",2015-07-13,50.58653,-105.38421,NA,NA,NA,NA,NA,NA,NA,NA,NA,NA,NA,NA,NA,NA,NA,NA,NA,NA,18.8002053894465,NA,12.4795141427284,2.70248119665691,0.383366060843416,0.0223650978905276,0.0219742348376308,1.01778733392925,0.777541847598973,1.6083742643794,6.81278746537124,0.872004709659348,1.4011327270663,NA,0.867651357289908,0.33033489713923,0.0902460477017068,0.910343773596149,NA,0.0245873942746665,NA,NA,NA,NA,NA,NA,NA,NA,NA,NA,0.756087492817654,0.538811314910184,0.409522815461352,0.338648520518462,0.336199498901454,0.298533583427478,2.67780322603658,28.2353641771034,20.1213931505968,15.2932378107366,12.6465050615275,12.5550486918735,11.1484511081622,NA,NA,NA,NA,NA,NA,NA,NA,NA,NA,NA,NA,NA,NA,NA,NA,NA,NA
"35","BuffalloPound_DOM_AllData.xlsx","BP WSA Spatiotemporal","0.5 mi Above Outlet","BP 0.5 miles above outlet",2015-07-13,50.57318,-105.34174,NA,NA,NA,NA,NA,NA,NA,NA,NA,NA,NA,NA,NA,NA,NA,NA,NA,NA,18.3973471836232,NA,12.1368278934023,2.53308829782111,0.358192187309676,0.0230339715844226,0.0220472847912592,1.04475321122329,0.778022383656555,1.60873143587045,5.9936627670582,0.857013408666166,1.31856618306979,NA,0.836472748026037,0.305420336175189,0.0821048648141138,0.892010840667842,NA,0.0205825227263016,NA,NA,NA,NA,NA,NA,NA,NA,NA,NA,0.720568776423383,0.520100582709412,0.371541561005476,0.308408128216782,0.331627585665225,0.321088197004919,2.5733348310252,28.001361025231,20.2111507775383,14.4381351593277,11.9847648467073,12.8870748441666,12.4775133470291,NA,NA,NA,NA,NA,NA,NA,NA,NA,NA,NA,NA,NA,NA,NA,NA,NA,NA
"36","BuffalloPound_DOM_AllData.xlsx","BP WSA Spatiotemporal","Opposite Parkview","BP opp. park view",2015-07-13,50.6178,-105.44383,NA,NA,NA,NA,NA,NA,NA,NA,NA,NA,NA,NA,NA,NA,NA,NA,NA,NA,20.7976576483416,NA,13.9045835013386,3.1418301042233,0.488580625546857,0.0218087200148612,0.0212837032058095,1.02466754981381,0.772162905644219,1.59915096252553,6.20349930184795,0.861178580284798,1.55014636241086,NA,0.962010452033767,0.368877354639667,0.101280892981494,1.00991603470665,NA,0.0303921377173491,NA,NA,NA,NA,NA,NA,NA,NA,NA,NA,0.834236385910707,0.58781472334497,0.458007272901776,0.375569979180218,0.381352572265378,0.39645651652519,3.03343745012824,27.5013544741277,19.3778422337378,15.098622616478,12.3810029168177,12.5716313105206,13.0695464483182,NA,NA,NA,NA,NA,NA,NA,NA,NA,NA,NA,NA,NA,NA,NA,NA,NA,NA
"37","BuffalloPound_DOM_AllData.xlsx","BP WSA Spatiotemporal","Opposite Sun Valley","BP opp. Sun Valley",2015-07-13,50.65615,-105.52058,NA,NA,NA,NA,NA,NA,NA,NA,NA,NA,NA,NA,NA,NA,NA,NA,NA,NA,22.4536492215668,NA,15.0113465708253,3.48519570270017,0.583664025851471,0.021487982282483,0.0204021260815619,1.05322269829037,0.731043673427685,1.60148506505432,6.86881387617102,0.87291604354396,1.68402773598457,NA,1.07807747227259,0.400294091505502,0.108361075244501,1.16652981378749,NA,0.0318964609866354,NA,NA,NA,NA,NA,NA,NA,NA,NA,NA,0.933009093578182,0.652331299696791,0.484621056327803,0.394301500105634,0.38369795071161,0.369306483520468,3.21726738394049,29.0000482470138,20.2759429618131,15.0631265137261,12.2557889367186,11.9262064641223,11.478886876606,NA,NA,NA,NA,NA,NA,NA,NA,NA,NA,NA,NA,NA,NA,NA,NA,NA,NA
"38","BuffalloPound_DOM_AllData.xlsx","BP WSA Spatiotemporal","Opposite Sun Valley","BP opp. Sun Valley",2015-07-13,50.65615,-105.52058,NA,NA,NA,NA,NA,NA,NA,NA,NA,NA,NA,NA,NA,NA,NA,NA,NA,NA,21.8694939953567,NA,14.6057297760094,3.3868388236359,0.559670724087075,0.0214395114632685,0.0207227514452043,1.03458807195364,0.749378463722033,1.59161733980764,6.65151838417164,0.869306985909012,1.6884931892044,NA,1.0708330636957,0.403214252300769,0.113100416471206,1.11941334381014,NA,0.0315397112386989,NA,NA,NA,NA,NA,NA,NA,NA,NA,NA,0.930099052256528,0.634907683946073,0.508819191741567,0.406715940396424,0.388735356590299,0.402158703172519,3.27143592810341,28.4309114620425,19.4076148180642,15.5533900991468,12.4323370328764,11.8827134363492,12.293033151521,NA,NA,NA,NA,NA,NA,NA,NA,NA,NA,NA,NA,NA,NA,NA,NA,NA,NA
"39","BuffalloPound_DOM_AllData.xlsx","BP WSA Spatiotemporal","Opposite South Lake","BP opp. South lake",2015-07-13,50.68295,-105.5591,NA,NA,NA,NA,NA,NA,NA,NA,NA,NA,NA,NA,NA,NA,NA,NA,NA,NA,21.1794589933434,NA,14.1472204894787,3.29236572895824,0.551515209839465,0.021613887796364,0.0203020664271726,1.06461516486005,0.760007130027286,1.57787727213479,6.63155812001628,0.868965159634024,1.55722655065705,NA,0.961193449863171,0.372634066634991,0.10235029276272,1.01074234845538,NA,0.0323667095906926,NA,NA,NA,NA,NA,NA,NA,NA,NA,NA,0.835516251571869,0.597654583038651,0.461502860938956,0.377696760338016,0.356307098686129,0.367929679834475,2.9966072344081,27.8820741663498,19.9443749643321,15.400845851262,12.6041463159125,11.890350346715,12.2782083554287,NA,NA,NA,NA,NA,NA,NA,NA,NA,NA,NA,NA,NA,NA,NA,NA,NA,NA
"40","BuffalloPound_DOM_AllData.xlsx","BP WSA Spatiotemporal","0.5 mi Below Causeway","BP 0.5 miles below causeway",2015-07-13,50.71159,-105.58777,NA,NA,NA,NA,NA,NA,NA,NA,NA,NA,NA,NA,NA,NA,NA,NA,NA,NA,16.1830152096672,NA,10.8648278423632,2.55329868757431,0.42984169523528,0.0214686386821502,0.0204377389300933,1.05044098838835,0.750125174108669,1.57549554828067,6.32228423725439,0.863430595207956,1.21073446404997,NA,0.735460866042376,0.293780121004669,0.0868564520766781,0.774547648185023,NA,0.0224750436312081,NA,NA,NA,NA,NA,NA,NA,NA,NA,NA,0.632613949359272,0.468917484017597,0.365512431401479,0.299435268501928,0.266721294586015,0.311778158928018,2.34497858679431,26.9773870397718,19.9966637929359,15.5870264001494,12.769211206797,11.3741462752816,13.2955652850644,NA,NA,NA,NA,NA,NA,NA,NA,NA,NA,NA,NA,NA,NA,NA,NA,NA,NA
"41","BuffalloPound_DOM_AllData.xlsx","BP WSA Spatiotemporal","1.5 km below Qu'Appelle R. Inflow Centre","BP 1.5 km below Qu'ap.",2015-07-13,50.735692,-105.62639,NA,NA,NA,NA,NA,NA,NA,NA,NA,NA,NA,NA,NA,NA,NA,NA,NA,NA,9.60595865548484,NA,6.52166064855514,1.54766105602435,0.250287388912504,0.0210619731513881,0.0212906855223722,0.989257632369623,0.721724112599369,1.53547389670511,8.62911846938952,0.896148333497095,0.765611439773601,NA,0.443419957660007,0.196897984822663,0.0644938444141019,0.464457193699789,NA,0.0153712340982541,NA,NA,NA,NA,NA,NA,NA,NA,NA,NA,0.381576080173019,0.300369097712963,0.246166773831171,0.201520816125422,0.149884519153482,0.125934314603692,1.40545160159975,27.1497132835234,21.371714071909,17.5151370243538,14.3385098352759,10.664509470328,8.96041631461001,NA,NA,NA,NA,NA,NA,NA,NA,NA,NA,NA,NA,NA,NA,NA,NA,NA,NA
"42","BuffalloPound_DOM_AllData.xlsx","BP WSA Spatiotemporal","0.5 mi Below Outlet","BP outlet",2015-07-13,50.57263,-105.33027,NA,NA,NA,NA,NA,NA,NA,NA,NA,NA,NA,NA,NA,NA,NA,NA,NA,NA,17.483139196679,NA,11.522116081611,2.30242741789262,0.310006319462516,0.023696351018669,0.0224740536765039,1.05438704382213,0.827648124205296,1.61432102036726,5.51868206913733,0.846594758051709,1.16651595619762,NA,0.717344085240823,0.268018553474182,0.069454968609274,0.756376674632037,NA,0.0225436617688696,NA,NA,NA,NA,NA,NA,NA,NA,NA,NA,0.612964080230657,0.469850896565805,0.316306305697666,0.273904223762544,0.315687810931096,0.31038058926843,2.2990939064562,26.661115429403,20.4363508270103,13.7578680370311,11.9135726902403,13.7309663622089,13.5001266541064,NA,NA,NA,NA,NA,NA,NA,NA,NA,NA,NA,NA,NA,NA,NA,NA,NA,NA
"43","BuffalloPound_DOM_AllData.xlsx","BP WSA Spatiotemporal","Upstream of Causeway East","BP u/s (upstream) causeway ES (east side)",2015-07-14,50.722173,-105.599311,NA,NA,NA,NA,NA,NA,NA,NA,NA,NA,NA,NA,NA,NA,NA,NA,NA,NA,12.1848770182064,NA,8.2941641636884,1.9502365514144,0.294388746185385,0.0211840044245478,0.0213991572553913,0.989945733456896,0.748664856188494,1.64020745448179,6.08668660224464,0.858890331105758,0.972573194239901,NA,0.550062442461301,0.248016724862438,0.0686201627861154,0.584456869130835,NA,0.0176672521630622,NA,NA,NA,NA,NA,NA,NA,NA,NA,NA,0.468838188570891,0.368481399913853,0.2916095140615,0.26707996060252,0.200795028428518,0.252289425187191,1.84909351676447,25.3550285218272,19.9276778904411,15.7704037907048,14.4438319739423,10.8591061840868,13.6439516389979,NA,NA,NA,NA,NA,NA,NA,NA,NA,NA,NA,NA,NA,NA,NA,NA,NA,NA
"44","BuffalloPound_DOM_AllData.xlsx","BP WSA Spatiotemporal","Upstream of Causeway Centre","BP u/s (upstream) causeway",2015-07-14,50.721563,-105.603458,NA,NA,NA,NA,NA,NA,NA,NA,NA,NA,NA,NA,NA,NA,NA,NA,NA,NA,11.4344758836425,NA,7.73212138775383,1.79395750825272,0.279637949771388,0.0213140721828643,0.021456005222739,0.993384927044844,0.724136710292559,1.55309407574916,5.74993991046298,0.851850533002536,0.891460191446317,NA,0.532677803182062,0.215989371073007,0.066227485563715,0.585845752068301,NA,0.016916866431102,NA,NA,NA,NA,NA,NA,NA,NA,NA,NA,0.454759563540553,0.35191975834987,0.26758471945689,0.213318911984451,0.198549564519881,0.242904897420546,1.72903741527219,26.3013142181752,20.3535074048394,15.4759357486064,12.3374375881201,11.4832428012337,14.0485622390252,NA,NA,NA,NA,NA,NA,NA,NA,NA,NA,NA,NA,NA,NA,NA,NA,NA,NA
"45","BuffalloPound_DOM_AllData.xlsx","BP WSA Spatiotemporal","Upstream of Causeway West","BP u/s (upstream) causeway westside",2015-07-14,50.720744,-105.606945,NA,NA,NA,NA,NA,NA,NA,NA,NA,NA,NA,NA,NA,NA,NA,NA,NA,NA,11.723590400167,NA,7.96173798396842,1.86090515903001,0.292162697006811,0.0213344979801461,0.0212597274411966,1.00351700364722,0.747971644956456,1.56588202901661,5.92798074869693,0.855657797520859,0.898481009683045,NA,0.52837811656254,0.218944868396727,0.0671077965422963,0.562481596693031,NA,0.0160652887978508,NA,NA,NA,NA,NA,NA,NA,NA,NA,NA,0.455291566683331,0.355868267538178,0.27055734624251,0.22408104020539,0.19114604561354,0.238886785462319,1.73583105174527,26.2290253550635,20.5013193640231,15.5866174862169,12.9091503450229,11.011788585148,13.7620988645257,NA,NA,NA,NA,NA,NA,NA,NA,NA,NA,NA,NA,NA,NA,NA,NA,NA,NA
"46","BuffalloPound_DOM_AllData.xlsx","BP WSA Spatiotemporal","1.5 km below Qu'Appelle R. Inflow East","BP 1.5 km below Qu'ap East",2015-07-14,50.736322,-105.623713,NA,NA,NA,NA,NA,NA,NA,NA,NA,NA,NA,NA,NA,NA,NA,NA,NA,NA,10.2665767507265,NA,7.02772282409839,1.66902732321239,0.263609197647988,0.0209841918254497,0.0211265579176804,0.993261273663914,0.750490687416796,1.52531555891186,5.17051501381955,0.837938973041895,0.799404048143742,NA,0.464513468293719,0.201888861126913,0.0647758124781932,0.492621506006824,NA,0.0171271563447626,NA,NA,NA,NA,NA,NA,NA,NA,NA,NA,0.393557183163295,0.305864187041933,0.252343314701747,0.202151944576754,0.17848500070355,0.264850320314598,1.59725195050188,24.6396432973292,19.1494013794021,15.7985917389212,12.6562340094958,11.174505102183,16.5816244726687,NA,NA,NA,NA,NA,NA,NA,NA,NA,NA,NA,NA,NA,NA,NA,NA,NA,NA
"47","BuffalloPound_DOM_AllData.xlsx","BP WSA Spatiotemporal","Pelican Lake","Pelican Lake",2015-07-14,50.504047,-105.955649,NA,NA,NA,NA,NA,NA,NA,NA,NA,NA,NA,NA,NA,NA,NA,NA,NA,NA,49.9211700923943,NA,30.2970535278148,5.9600270073205,0.948239863113172,0.0251305369475845,0.0213687859882904,1.17603952612729,0.806892394288678,1.60076134265613,6.45084737227551,0.865787077625428,3.13646383415772,NA,1.96240890469505,0.708529701440762,0.205559377291548,2.03512265781923,NA,0.0524246638383388,NA,NA,NA,NA,NA,NA,NA,NA,NA,NA,1.68432007146451,1.27123815877524,0.874125704215017,0.718403371144506,0.820169154082404,0.676223298275538,6.04447975795721,27.8654266191759,21.0313907843223,14.4615539999829,11.8852804527762,13.5688957019452,11.1874524417975,NA,NA,NA,NA,NA,NA,NA,NA,NA,NA,NA,NA,NA,NA,NA,NA,NA,NA
"48","BuffalloPound_DOM_AllData.xlsx","BP WSA Spatiotemporal","1.5 km below Qu'Appelle R. Inflow West","BP 1.5 km below Qu'ap West",2015-07-14,50.734637,-105.629262,NA,NA,NA,NA,NA,NA,NA,NA,NA,NA,NA,NA,NA,NA,NA,NA,NA,NA,10.2748306420209,NA,7.01523845285076,1.63605931534052,0.249781674785102,0.0211931446015311,0.021545994661339,0.983623403544181,0.74041398654233,1.53897754177895,5.76960470514791,0.852280887355276,0.797690615644285,NA,0.464648582843097,0.200045609840398,0.0632200528711675,0.490988268311386,NA,0.0156896499373471,NA,NA,NA,NA,NA,NA,NA,NA,NA,NA,0.396689010693023,0.314030705001936,0.249765404430091,0.197949252130846,0.166599885353241,0.217869777817003,1.54290403542614,25.710543338067,20.3532233885955,16.1880064278339,12.8296541836559,10.797812535841,14.1207601260067,NA,NA,NA,NA,NA,NA,NA,NA,NA,NA,NA,NA,NA,NA,NA,NA,NA,NA
"49","BuffalloPound_DOM_AllData.xlsx","BP WSA Spatiotemporal","Pelican Lake","Pelican Lake (1 of 2)",2015-08-21,50.504047,-105.955649,NA,NA,NA,NA,NA,NA,NA,NA,NA,NA,NA,NA,NA,NA,NA,NA,NA,NA,51.705860885004,NA,31.144236723615,6.22828888811863,1.00409623519555,0.0249425928880003,0.0210937880301361,1.18246153096663,0.799719821404177,1.59847431009862,7.00405842890538,0.875063380798339,3.37045426637289,NA,2.08801635937173,0.744083464825141,0.212294322522213,2.17433816413792,NA,0.0521098083641322,NA,NA,NA,NA,NA,NA,NA,NA,NA,NA,1.78508687402952,1.43443130860817,0.921933279019341,0.745836067677869,0.85398482405099,0.610544419720461,6.35181677310635,28.1035637171966,22.5830082927071,14.514481634968,11.7420904021625,13.4447332874394,9.61212266552636,NA,NA,NA,NA,NA,NA,NA,NA,NA,NA,NA,NA,NA,NA,NA,NA,NA,NA
"50","BuffalloPound_DOM_AllData.xlsx","BP WSA Spatiotemporal","Qu'Appelle River at Marquis","Qu'appelle River at Marquis",2015-08-24,50.76727,-105.72496,NA,NA,NA,NA,NA,NA,NA,NA,NA,NA,NA,NA,NA,NA,NA,NA,NA,NA,11.9202571945875,NA,8.18607184632221,2.04667069386091,0.373714087247784,0.0204577850142643,0.0195568540902706,1.04606727236575,0.730547228676777,1.56628125608599,5.02099929843826,0.833914612768784,0.961021521753427,NA,0.574903154541272,0.235043330366501,0.0689476275786264,0.624303847452321,NA,0.01768081236813,NA,NA,NA,NA,NA,NA,NA,NA,NA,NA,0.492262917801257,0.373609267700819,0.287295579780854,0.230973931585179,0.204185174281785,0.300312040849856,1.88863891199975,26.0644273859651,19.7819321272603,15.2117791259874,12.229650152692,10.8112341106849,15.9009770974101,NA,NA,NA,NA,NA,NA,NA,NA,NA,NA,NA,NA,NA,NA,NA,NA,NA,NA
"51","BuffalloPound_DOM_AllData.xlsx","BP WSA Spatiotemporal","1.5 km below Qu'Appelle R. Inflow Centre","BP 1.5 km below Qu'ap.",2015-08-24,50.735692,-105.62639,NA,NA,NA,NA,NA,NA,NA,NA,NA,NA,NA,NA,NA,NA,NA,NA,NA,NA,17.8065115764788,NA,12.430066386037,3.27263371195377,0.607116683439287,0.019457836291991,0.0192632692217157,1.01010041795273,0.697360543222412,1.58446839484386,6.41592430178466,0.865155042135564,1.45344812597715,NA,0.908855826932185,0.360599804357948,0.100052218605002,0.972501292429854,NA,0.0268128430824069,NA,NA,NA,NA,NA,NA,NA,NA,NA,NA,0.7848375066229,0.551157078562247,0.444143316729858,0.356156827104746,0.283322896737354,0.349534888587613,2.76915251434472,28.3421553185423,19.9034569496318,16.0389619000439,12.8615822082673,10.231393730381,12.6224498931337,NA,NA,NA,NA,NA,NA,NA,NA,NA,NA,NA,NA,NA,NA,NA,NA,NA,NA
"52","BuffalloPound_DOM_AllData.xlsx","BP WSA Spatiotemporal","1.5 km below Qu'Appelle R. Inflow East","BP East 1.5 km below Qu'ap.",2015-08-24,50.736322,-105.623713,NA,NA,NA,NA,NA,NA,NA,NA,NA,NA,NA,NA,NA,NA,NA,NA,NA,NA,19.0169296487304,NA,13.2467770766325,3.46154150269592,0.607472109166006,0.0193600214305564,0.0197246071538364,0.981516198500858,0.697353409475774,1.56741995747872,7.03845378816478,0.875597966181963,1.510829951793,NA,0.955613223269377,0.371812305441729,0.103798214583175,1.02541758361863,NA,0.0266929159390287,NA,NA,NA,NA,NA,NA,NA,NA,NA,NA,0.82271015231677,0.59040568710911,0.467657966083548,0.354324908377448,0.303911517986439,0.303693100033492,2.84270333190681,28.9411189371252,20.7691629471965,16.4511702939418,12.4643646208335,10.6909333300912,10.6832498708116,NA,NA,NA,NA,NA,NA,NA,NA,NA,NA,NA,NA,NA,NA,NA,NA,NA,NA
"53","BuffalloPound_DOM_AllData.xlsx","BP WSA Spatiotemporal","1.5 km below Qu'Appelle R. Inflow West","BP West 1.5 km below Qu'ap",2015-08-24,50.734637,-105.629262,NA,NA,NA,NA,NA,NA,NA,NA,NA,NA,NA,NA,NA,NA,NA,NA,NA,NA,14.4282778967184,NA,10.0407442254613,2.59995868799779,0.441084096269829,0.0197409893251987,0.0198028892294263,0.996874198329827,0.728218770041649,1.54661547407414,6.73249315193716,0.870675604833937,1.13320347716404,NA,0.676515850696842,0.285531831271604,0.083286626619033,0.709878188130355,NA,0.0248077739392771,NA,NA,NA,NA,NA,NA,NA,NA,NA,NA,0.5870437542941,0.440999434163786,0.356608417198043,0.283325652521428,0.231971113255097,0.24411140234545,2.14405977377791,27.3800087793126,20.5684300203408,16.6323915759908,13.2144474695404,10.8192465570284,11.385475597787,NA,NA,NA,NA,NA,NA,NA,NA,NA,NA,NA,NA,NA,NA,NA,NA,NA,NA
"54","BuffalloPound_DOM_AllData.xlsx","BP WSA Spatiotemporal","Upstream of Causeway West","BP u/s (upstream) causeway west",2015-08-24,50.720744,-105.606945,NA,NA,NA,NA,NA,NA,NA,NA,NA,NA,NA,NA,NA,NA,NA,NA,NA,NA,28.1303285668273,NA,19.7938796085301,5.38757721603789,0.950743620712054,0.0184810503600834,0.0194021333896675,0.952526713888348,0.70482092607676,1.58485542939893,8.3104903305152,0.892594271139245,2.2819435000558,NA,1.43326092520243,0.569283630126105,0.155335429155391,1.48753314298957,NA,0.0445017478740394,NA,NA,NA,NA,NA,NA,NA,NA,NA,NA,1.25704090361142,0.853075572203882,0.714184489651208,0.569642182428997,0.446953928345538,0.400065818824363,4.2409628950654,29.6404598369406,20.1151387859696,16.8401494500742,13.4319067750347,10.5389728560369,9.43337229594397,NA,NA,NA,NA,NA,NA,NA,NA,NA,NA,NA,NA,NA,NA,NA,NA,NA,NA
"55","BuffalloPound_DOM_AllData.xlsx","BP WSA Spatiotemporal","Upstream of Causeway Centre","BP u/s (upstream) causeway",2015-08-24,50.721563,-105.603458,NA,NA,NA,NA,NA,NA,NA,NA,NA,NA,NA,NA,NA,NA,NA,NA,NA,NA,32.6328463579262,NA,23.0225339605057,6.31236633479468,1.11926745007729,0.018239521755406,0.0194496055555921,0.937783632849141,0.69951197951497,1.59166827329878,9.41305164112146,0.903966672358469,2.72347120611846,NA,1.71081591505332,0.688751197514612,0.181379192819764,1.76268029336545,NA,0.0507042364784837,NA,NA,NA,NA,NA,NA,NA,NA,NA,NA,1.50630379447738,0.990109160295352,0.858404737981996,0.689872893284563,0.526325040074561,0.39811105786982,4.96912668398367,30.3132499988871,19.925214695907,17.274760588189,13.8831818377289,10.5919022304461,8.01169064884175,NA,NA,NA,NA,NA,NA,NA,NA,NA,NA,NA,NA,NA,NA,NA,NA,NA,NA
"56","BuffalloPound_DOM_AllData.xlsx","BP WSA Spatiotemporal","Upstream of Causeway East","BP u/s (upstream) causeway east",2015-08-24,50.722173,-105.599311,NA,NA,NA,NA,NA,NA,NA,NA,NA,NA,NA,NA,NA,NA,NA,NA,NA,NA,34.9098354023059,NA,24.6284386172641,6.83729560010893,1.22486858008491,0.0179467247503446,0.0192271482842902,0.933405437196747,0.694888499344176,1.57812583708657,9.90968651275007,0.908338337785297,2.8477656276302,NA,1.78391747014049,0.70455982606829,0.191525293845899,1.85980178011439,NA,0.0560314859715624,NA,NA,NA,NA,NA,NA,NA,NA,NA,NA,1.56866995787325,1.07680829107559,0.902633113259207,0.689217646412938,0.541960410775819,0.394817024787679,5.17410644418448,30.3176978439703,20.8114831554323,17.4451979872532,13.320515413586,10.4744735467312,7.63063205302705,NA,NA,NA,NA,NA,NA,NA,NA,NA,NA,NA,NA,NA,NA,NA,NA,NA,NA
"57","BuffalloPound_DOM_AllData.xlsx","BP WSA Spatiotemporal","0.5 mi Below Causeway","BP 0.5 miles below causeway",2015-08-24,50.71159,-105.58777,NA,NA,NA,NA,NA,NA,NA,NA,NA,NA,NA,NA,NA,NA,NA,NA,NA,NA,22.6546175862167,NA,15.6601337884519,4.03854744802682,0.684973398480785,0.0196958170488827,0.0199614213879601,0.98669411692107,0.737695868102931,1.60037837969256,7.26914565383785,0.879068522691231,1.83081784733061,NA,1.12843510593391,0.449948671313098,0.125491903872082,1.17344829330909,NA,0.032833200782793,NA,NA,NA,NA,NA,NA,NA,NA,NA,NA,0.993794649729919,0.673970123355446,0.564395029327123,0.463597572297228,0.383430681099723,0.384268854110358,3.4634569099198,28.6937206258741,19.4594632150643,16.2957139068375,13.3854003198199,11.0707507288896,11.0949512035147,NA,NA,NA,NA,NA,NA,NA,NA,NA,NA,NA,NA,NA,NA,NA,NA,NA,NA
"58","BuffalloPound_DOM_AllData.xlsx","BP WSA Spatiotemporal","Opposite South Lake","BP opposite S lake",2015-08-24,50.68295,-105.5591,NA,NA,NA,NA,NA,NA,NA,NA,NA,NA,NA,NA,NA,NA,NA,NA,NA,NA,18.8345855852005,NA,12.8274491823071,3.15420561687752,0.514168187667501,0.0207448548567342,0.0203210502410622,1.02085544844605,0.758205922787364,1.5800541023546,6.60564929795065,0.868518786388238,1.47145627738073,NA,0.904052752379063,0.35802854661705,0.1011693157404,0.945724312781645,NA,0.0296972400336926,NA,NA,NA,NA,NA,NA,NA,NA,NA,NA,0.789024219522283,0.556455636054177,0.440510855709463,0.366324944255053,0.327505956944124,0.336686645249958,2.81650825773506,28.0142697027556,19.7569325254406,15.6403182735103,13.0063507979785,11.6280843858592,11.9540443144559,NA,NA,NA,NA,NA,NA,NA,NA,NA,NA,NA,NA,NA,NA,NA,NA,NA,NA
"59","BuffalloPound_DOM_AllData.xlsx","BP WSA Spatiotemporal","Opposite Sun Valley","BP opposite Sun Valley",2015-08-24,50.65615,-105.52058,NA,NA,NA,NA,NA,NA,NA,NA,NA,NA,NA,NA,NA,NA,NA,NA,NA,NA,18.5050747640662,NA,12.5084592087808,2.90935642233871,0.491054500373481,0.02183429952174,0.0207137673015779,1.05409601275557,0.765729254273437,1.59942894738422,6.93357825354638,0.87395347117765,1.45339181481911,NA,0.908936744690035,0.357928770899098,0.101300397790301,0.967402598901597,NA,0.0269691318976178,NA,NA,NA,NA,NA,NA,NA,NA,NA,NA,0.793949192688701,0.544410391607183,0.431016172615698,0.36645428545189,0.338017416982984,0.319344395349694,2.79319185469615,28.4244417852589,19.4906193318541,15.4309548014411,13.1195529886634,12.1014751068632,11.4329559859193,NA,NA,NA,NA,NA,NA,NA,NA,NA,NA,NA,NA,NA,NA,NA,NA,NA,NA
"60","BuffalloPound_DOM_AllData.xlsx","BP WSA Spatiotemporal","Opposite Parkview","BP opposite park view",2015-08-24,50.6178,-105.44383,NA,NA,NA,NA,NA,NA,NA,NA,NA,NA,NA,NA,NA,NA,NA,NA,NA,NA,18.3735851479831,NA,12.2875459927057,2.78377149954331,0.442759006361226,0.0224124237975105,0.0208399035811231,1.07545717331494,0.771963150965394,1.61691117590088,6.23507905972221,0.861784509644543,1.4281267184788,NA,0.902733435115634,0.343353765567119,0.099276485942728,0.951967755557077,NA,0.0288823752499596,NA,NA,NA,NA,NA,NA,NA,NA,NA,NA,0.787216726686471,0.531842337682169,0.416172176992278,0.354168376558233,0.341111079060338,0.367905233736705,2.79841593071619,28.1307977861961,19.0051211417331,14.8717055397039,12.6560306018409,12.1894345767621,13.1469103537639,NA,NA,NA,NA,NA,NA,NA,NA,NA,NA,NA,NA,NA,NA,NA,NA,NA,NA
"61","BuffalloPound_DOM_AllData.xlsx","BP WSA Spatiotemporal","Opposite WTP Intake","BP opposite treatment plant",2015-08-24,50.58653,-105.38421,NA,NA,NA,NA,NA,NA,NA,NA,NA,NA,NA,NA,NA,NA,NA,NA,NA,NA,17.4486278011755,NA,11.6012708519111,2.54097041156312,0.369598193770948,0.0227808954710489,0.0216990031226738,1.04985908072637,0.780620554815815,1.63358684569808,5.43363451902209,0.844566862316574,1.39075376423294,NA,0.876018860185475,0.33407391603385,0.0951583118455655,0.932162582319181,NA,0.0250181004046806,NA,NA,NA,NA,NA,NA,NA,NA,NA,NA,0.770987069109186,0.495064262940459,0.396749166722485,0.357325549078803,0.351481368283785,0.406319193803393,2.77792660993811,27.754047437789,17.8213586049881,14.2822047675091,12.8630305710907,12.6526513345007,14.6267072841224,NA,NA,NA,NA,NA,NA,NA,NA,NA,NA,NA,NA,NA,NA,NA,NA,NA,NA
"62","BuffalloPound_DOM_AllData.xlsx","BP WSA Spatiotemporal","0.5 mi Above Outlet","BP 0.5 miles above outlet",2015-08-24,50.57318,-105.34174,NA,NA,NA,NA,NA,NA,NA,NA,NA,NA,NA,NA,NA,NA,NA,NA,NA,NA,17.5780535446401,NA,11.6391062704762,2.48275154380348,0.349568379603359,0.0230173150966198,0.0219992899931159,1.0462753617877,0.79090836767339,1.63396251019289,5.75723997276344,0.852010583606513,1.36264000255346,NA,0.846809140543919,0.324386259090921,0.0903259718394298,0.888882904729503,NA,0.0297235512350815,NA,NA,NA,NA,NA,NA,NA,NA,NA,NA,0.738994098123439,0.506983949426416,0.38552199057724,0.341097245015203,0.336033236251657,0.367100426516572,2.67573094591053,27.6184008430626,18.9474935886685,14.4081000059612,12.7478155281839,12.5585585039944,13.7196315301295,NA,NA,NA,NA,NA,NA,NA,NA,NA,NA,NA,NA,NA,NA,NA,NA,NA,NA
"63","BuffalloPound_DOM_AllData.xlsx","BP WSA Spatiotemporal","0.5 mi Below Outlet","BP outlet",2015-08-24,50.57263,-105.33027,NA,NA,NA,NA,NA,NA,NA,NA,NA,NA,NA,NA,NA,NA,NA,NA,NA,NA,18.2340589335433,NA,12.1540899151226,2.66211206635912,0.392276856911546,0.0229998768846056,0.0210842147207319,1.09085764820968,0.771056991001948,1.61250994184063,5.35432885028073,0.842626967605584,1.34394753949017,NA,0.862055347328535,0.322341168485487,0.094044529039371,0.94559997802416,NA,0.0295011610217304,NA,NA,NA,NA,NA,NA,NA,NA,NA,NA,0.756105902733783,0.49751793819286,0.386808150396224,0.324192505802218,0.340274258126535,0.389362737610977,2.6942614928626,28.0635678733038,18.4658370952798,14.3567412228146,12.0327038285274,12.6295928969018,14.4515570831726,NA,NA,NA,NA,NA,NA,NA,NA,NA,NA,NA,NA,NA,NA,NA,NA,NA,NA
"64","BuffalloPound_DOM_AllData.xlsx","BP WSA Spatiotemporal","Qu'Appelle River at Marquis","Qu'Appelle River @ Marquis",2015-10-21,50.76727,-105.72496,NA,NA,NA,NA,NA,NA,NA,NA,NA,NA,NA,NA,NA,NA,NA,NA,NA,NA,30.4052279581803,NA,20.8655807000907,5.00888747889052,0.748045034776407,0.0199941266462003,0.0211180954335325,0.946776981339544,0.763321930895128,1.64069293034253,8.70073181495454,0.89691499372672,2.66971547440945,NA,1.64531273205541,0.662535446477637,0.169041384610639,1.69296224470589,NA,0.0416604197441008,NA,NA,NA,NA,NA,NA,NA,NA,NA,NA,1.45881101170614,0.963010042637013,0.776488452204311,0.706269620919013,0.608980780549863,0.420083260571666,4.933643168588,29.5686364387728,19.519247941732,15.7386423312519,14.3153770304216,12.3434297889069,8.51466646891476,NA,NA,NA,NA,NA,NA,NA,NA,NA,NA,NA,NA,NA,NA,NA,NA,NA,NA
"65","BuffalloPound_DOM_AllData.xlsx","BP WSA Spatiotemporal","Opposite WTP Intake","BPL opp WTP intake",2015-10-21,50.58653,-105.38421,NA,NA,NA,NA,NA,NA,NA,NA,NA,NA,NA,NA,NA,NA,NA,NA,NA,NA,16.3055162053366,NA,10.6805314499852,2.20850290956003,0.272571962528765,0.0232209035066052,0.022528635050038,1.03072837990538,0.79827044085599,1.61137450711739,5.35982413623347,0.842762947751533,1.19078600889934,NA,0.713333549604079,0.277516914846444,0.0780452394669729,0.754319461775248,NA,0.0240967969283011,NA,NA,NA,NA,NA,NA,NA,NA,NA,NA,0.619460711443771,0.463422985939555,0.339879430366174,0.289912814213097,0.284713107368973,0.338123576011001,2.33551262534257,26.5235436846722,19.8424526123716,14.5526693659522,12.4132411474578,12.1906045071031,14.4774886824431,NA,NA,NA,NA,NA,NA,NA,NA,NA,NA,NA,NA,NA,NA,NA,NA,NA,NA
"66","BuffalloPound_DOM_AllData.xlsx","BP WSA Spatiotemporal","0.5 mi Above Outlet","BP 0.5 miles above outlet",2015-10-21,50.57318,-105.34174,NA,NA,NA,NA,NA,NA,NA,NA,NA,NA,NA,NA,NA,NA,NA,NA,NA,NA,16.3718731599528,NA,10.6732411516834,2.16467774902035,0.256547640463889,0.0235421347005419,0.0235142499967855,1.00118586405096,0.798462730212845,1.6118274909453,5.71945565492855,0.85117842108735,1.1933423324767,NA,0.712841197792935,0.273028516738337,0.0764741494635367,0.753179147896131,NA,0.0215774479846933,NA,NA,NA,NA,NA,NA,NA,NA,NA,NA,0.619033559202276,0.472609590433586,0.335146038653023,0.289730890643256,0.283753462691605,0.292177318368234,2.29245085999198,27.0031331971252,20.6159093170372,14.6195516991014,12.6384776964977,12.3777337016767,12.7451943885618,NA,NA,NA,NA,NA,NA,NA,NA,NA,NA,NA,NA,NA,NA,NA,NA,NA,NA
"67","BuffalloPound_DOM_AllData.xlsx","BP WSA Spatiotemporal","Opposite Parkview","BPL opp Park View",2015-10-21,50.6178,-105.44383,NA,NA,NA,NA,NA,NA,NA,NA,NA,NA,NA,NA,NA,NA,NA,NA,NA,NA,16.6304792085757,NA,10.9945627028411,2.37456735166245,0.326336917034983,0.0229798516685486,0.0215290020133743,1.06739047422045,0.791882892055074,1.60403385360509,5.91139640501327,0.855311439049475,1.19977921669222,NA,0.713673485854457,0.280047372602475,0.0803685295237653,0.755682815930787,NA,0.0249231605649205,NA,NA,NA,NA,NA,NA,NA,NA,NA,NA,0.618664609175945,0.47658524746225,0.34465530440064,0.288197193416596,0.27975181218668,0.308701437769571,2.31655560441168,26.7062274696861,20.5730113516219,14.8779206397754,12.4407630392186,12.076196731644,13.3258807680539,NA,NA,NA,NA,NA,NA,NA,NA,NA,NA,NA,NA,NA,NA,NA,NA,NA,NA
"68","BuffalloPound_DOM_AllData.xlsx","BP WSA Spatiotemporal","Opposite Sun Valley","BP opp Sun Valley",2015-10-21,50.65615,-105.52058,NA,NA,NA,NA,NA,NA,NA,NA,NA,NA,NA,NA,NA,NA,NA,NA,NA,NA,16.7474623134283,NA,11.1358595502849,2.43167095400072,0.333602499117072,0.0225428712130871,0.0220207552864051,1.02371017342009,0.782552698140678,1.60084894676888,5.60806084758551,0.848669674346993,1.20851763557025,NA,0.719389494847827,0.285503513572045,0.0808279333925107,0.761020848926135,NA,0.021859628186164,NA,NA,NA,NA,NA,NA,NA,NA,NA,NA,0.624266585460251,0.478362365357131,0.350836869601799,0.292036195659472,0.277309609969091,0.350946404489916,2.37375803053766,26.2986613390773,20.1521115127636,14.7798075915233,12.302694373332,11.682303183458,14.7844219998458,NA,NA,NA,NA,NA,NA,NA,NA,NA,NA,NA,NA,NA,NA,NA,NA,NA,NA
"69","BuffalloPound_DOM_AllData.xlsx","BP WSA Spatiotemporal","Opposite South Lake","BP opp South Lake",2015-10-21,50.68295,-105.5591,NA,NA,NA,NA,NA,NA,NA,NA,NA,NA,NA,NA,NA,NA,NA,NA,NA,NA,16.6420676598358,NA,11.0331799134392,2.38319391081966,0.307005444622009,0.0226026492740238,0.0226044417328467,0.999920703247439,0.782133454725965,1.58292847983474,6.50519094177473,0.866758886248465,1.19941229869881,NA,0.716685522699374,0.279175260065283,0.080887083970955,0.75500213656012,NA,0.0215274097548776,NA,NA,NA,NA,NA,NA,NA,NA,NA,NA,0.616189684142807,0.486708292140094,0.349375650031754,0.290043441985658,0.270923802772393,0.275419213543424,2.28866008461613,26.9235998951832,21.2660803328393,15.2655106968562,12.6730677017206,11.8376601485508,12.0340812248499,NA,NA,NA,NA,NA,NA,NA,NA,NA,NA,NA,NA,NA,NA,NA,NA,NA,NA
"70","BuffalloPound_DOM_AllData.xlsx","BP WSA Spatiotemporal","0.5 mi Below Causeway","BPL 0.5 miles below causeway",2015-10-21,50.71159,-105.58777,NA,NA,NA,NA,NA,NA,NA,NA,NA,NA,NA,NA,NA,NA,NA,NA,NA,NA,15.9446813695266,NA,10.5137010465582,2.25368198495775,0.303385611936264,0.0226697847148295,0.023278161451492,0.973864914635537,0.775140833381557,1.5790716619064,6.4156862174242,0.865150712869922,1.15309086058241,NA,0.684935781746046,0.272450740708099,0.0776810749823457,0.720621879264945,NA,0.0208535821298347,NA,NA,NA,NA,NA,NA,NA,NA,NA,NA,0.591998127696832,0.462794712082275,0.336791102563813,0.27765387570319,0.260548699288611,0.260377229506689,2.19016374684141,27.029856947938,21.1305986938056,15.3774393832207,12.6773112788308,11.8963113906148,11.88848230559,NA,NA,NA,NA,NA,NA,NA,NA,NA,NA,NA,NA,NA,NA,NA,NA,NA,NA
"71","BuffalloPound_DOM_AllData.xlsx","BP WSA Spatiotemporal","Upstream of Causeway East","BP uptream causeway East",2015-10-21,50.722173,-105.599311,NA,NA,NA,NA,NA,NA,NA,NA,NA,NA,NA,NA,NA,NA,NA,NA,NA,NA,15.6853023985814,NA,10.4761550449708,2.2930632596551,0.314013666463789,0.0223425469187103,0.0221794813471577,1.00735209128655,0.785557630399278,1.56927416259456,5.51218885795055,0.846441799859792,1.10356052599754,NA,0.647931561150587,0.261629643614479,0.0750573103292339,0.692199938604601,NA,0.0220026473354747,NA,NA,NA,NA,NA,NA,NA,NA,NA,NA,0.557952809769978,0.44575023986054,0.321296484029254,0.261407863453371,0.253937270918698,0.301701542772343,2.14204621080418,26.047655132543,20.8095529224457,14.9995122611584,12.203651916325,11.8548922818693,14.0847354856586,NA,NA,NA,NA,NA,NA,NA,NA,NA,NA,NA,NA,NA,NA,NA,NA,NA,NA
"72","BuffalloPound_DOM_AllData.xlsx","BP WSA Spatiotemporal","Upstream of Causeway Centre","BP upstream causeway",2015-10-21,50.721563,-105.603458,NA,NA,NA,NA,NA,NA,NA,NA,NA,NA,NA,NA,NA,NA,NA,NA,NA,NA,15.7373302692607,NA,10.4928339891597,2.27037173534486,0.292730746921776,0.0223475544269812,0.0226480519857121,0.986731858487411,0.775482493964761,1.58322471468313,6.19583001698661,0.861030625009293,1.11192116154486,NA,0.660157065774916,0.262683171353199,0.0761414638710545,0.697006072514288,NA,0.0236964761812852,NA,NA,NA,NA,NA,NA,NA,NA,NA,NA,0.566097499074377,0.453537632868731,0.326102420113816,0.267920700123379,0.248207471103612,0.26170830778705,2.12357403107096,26.6577708519482,21.3572791074301,15.3563009973971,12.6164991756026,11.6881948767492,12.3239549908728,NA,NA,NA,NA,NA,NA,NA,NA,NA,NA,NA,NA,NA,NA,NA,NA,NA,NA
"73","BuffalloPound_DOM_AllData.xlsx","BP WSA Spatiotemporal","Upstream of Causeway West","BPL upstream causeway West",2015-10-21,50.720744,-105.606945,NA,NA,NA,NA,NA,NA,NA,NA,NA,NA,NA,NA,NA,NA,NA,NA,NA,NA,15.9069932484302,NA,10.6445508413932,2.35467263854324,0.340178501228503,0.0221443075048345,0.0211516052047636,1.04693271694799,0.779396447097041,1.57449576363143,5.02032191951409,0.833895925605136,1.11998562858277,NA,0.665690894238449,0.265030552457077,0.0782887297427861,0.703407270980784,NA,0.0261131975060911,NA,NA,NA,NA,NA,NA,NA,NA,NA,NA,0.573200430674826,0.439501100568714,0.330271118481522,0.274152552356637,0.258696917299279,0.361126283076714,2.23694840245769,25.6242133276325,19.6473508323144,14.7643601487929,12.2556493504916,11.564724381441,16.1437019593278,NA,NA,NA,NA,NA,NA,NA,NA,NA,NA,NA,NA,NA,NA,NA,NA,NA,NA
"74","BuffalloPound_DOM_AllData.xlsx","BP WSA Spatiotemporal","1.5 km below Qu'Appelle R. Inflow West","BPL 1.5 km below Qu'Ap W",2015-10-21,50.734637,-105.629262,NA,NA,NA,NA,NA,NA,NA,NA,NA,NA,NA,NA,NA,NA,NA,NA,NA,NA,17.069213523927,NA,11.4842453457324,2.49207249501004,0.321025048518679,0.0222092504888729,0.0226842963514463,0.979058382274083,0.784245916150079,1.58181909727354,5.90196666950806,0.855113759905874,1.2142902095658,NA,0.714967043458333,0.292335561628669,0.0803763551960456,0.760427534187914,NA,0.0220500286064158,NA,NA,NA,NA,NA,NA,NA,NA,NA,NA,0.614607631333542,0.486897224498238,0.352567880924652,0.30102914701967,0.271174851346212,0.303369240029957,2.32964597515227,26.3820184649888,20.900052183526,15.1339681945283,12.9216692248698,11.6401742684739,13.0221176636132,NA,NA,NA,NA,NA,NA,NA,NA,NA,NA,NA,NA,NA,NA,NA,NA,NA,NA
"75","BuffalloPound_DOM_AllData.xlsx","BP WSA Spatiotemporal","1.5 km below Qu'Appelle R. Inflow Centre","BPL 1.5 km below Qu'Appelle",2015-10-21,50.735692,-105.62639,NA,NA,NA,NA,NA,NA,NA,NA,NA,NA,NA,NA,NA,NA,NA,NA,NA,NA,16.9130323824344,NA,11.399378894185,2.48500171843388,0.323326433758041,0.0221058643009567,0.0224313271686529,0.985490699446845,0.783363654714701,1.57583162607757,6.04176417933797,0.857990132226493,1.19759351608002,NA,0.706155068962807,0.285934968111822,0.0806760288893826,0.7448658393046,NA,0.0268748900972959,NA,NA,NA,NA,NA,NA,NA,NA,NA,NA,0.607890284398123,0.479238675946854,0.347607015286452,0.290066346826309,0.27283600458122,0.299467963308643,2.2971062903476,26.4633067678438,20.8627122724188,15.1323870709462,12.6274673507779,11.8773783227912,13.036748215222,NA,NA,NA,NA,NA,NA,NA,NA,NA,NA,NA,NA,NA,NA,NA,NA,NA,NA
"76","BuffalloPound_DOM_AllData.xlsx","BP WSA Spatiotemporal","1.5 km below Qu'Appelle R. Inflow East","BPL 1.5 km below Qu'Appelle E",2015-10-21,50.736322,-105.623713,NA,NA,NA,NA,NA,NA,NA,NA,NA,NA,NA,NA,NA,NA,NA,NA,NA,NA,16.4779769946984,NA,11.07399223518,2.43027771359506,0.344167484272023,0.0220451774453071,0.0212242388203841,1.03867929643416,0.780555260095695,1.56328530565947,5.96951468791837,0.856517986577531,1.15386562271441,NA,0.68094317960423,0.269305304020448,0.0782671304056286,0.717105551454688,NA,0.0248098457666095,NA,NA,NA,NA,NA,NA,NA,NA,NA,NA,0.585316039407801,0.463251827942713,0.334509433566642,0.275915829259618,0.259762782855351,0.289403333156703,2.20815924618883,26.5069668511466,20.9790950875605,15.1487911999095,12.4952867296974,11.7637703577624,13.1060897739236,NA,NA,NA,NA,NA,NA,NA,NA,NA,NA,NA,NA,NA,NA,NA,NA,NA,NA
"77","BuffalloPound_DOM_AllData.xlsx","BP WSA Spatiotemporal","0.5 mi Below Outlet","BP outlet",2015-10-21,50.57263,-105.33027,NA,NA,NA,NA,NA,NA,NA,NA,NA,NA,NA,NA,NA,NA,NA,NA,NA,NA,16.6470388333906,NA,10.8655859177512,2.21666386584909,0.301411743230326,0.0235937812063757,0.0226275051944948,1.04270360358225,0.795569805904073,1.62205532945769,5.71027395145235,0.850974787730751,1.17560138617843,NA,0.708605711487862,0.275197098463477,0.0771352422992485,0.74861792455703,NA,0.0267296154812842,NA,NA,NA,NA,NA,NA,NA,NA,NA,NA,0.613265087569831,0.47178488419003,0.334331443107512,0.28547245726837,0.279235494293994,0.309091877697488,2.29318124412722,26.7429837541357,20.5733796837148,14.5793728238326,12.4487524917386,12.1767738598555,13.4787373867227,NA,NA,NA,NA,NA,NA,NA,NA,NA,NA,NA,NA,NA,NA,NA,NA,NA,NA
"78","BuffalloPound_DOM_AllData.xlsx","BP WSA Spatiotemporal","Iskwao Creek","Iskwao Creek",2016-04-11,NA,NA,NA,NA,NA,NA,NA,NA,NA,NA,NA,NA,NA,NA,NA,NA,NA,NA,17.6,NA,41.6243499120572,2.36501988136689,29.3193076456574,8.37221047810956,1.63582446994456,0.0175974645809841,0.018446376134622,0.953979494539058,0.680996952683576,1.55844651716589,9.04185905147654,0.900416845638461,3.10083025775177,0.375425413556202,1.95154927335884,0.827025493591292,0.220406880736045,2.01881360259952,1.03117276416227,0.0621928019533396,0.638158773660544,30.3242622394662,3.6714356303697,19.0849827366818,8.08781386330047,2.15544724968871,19.7427875791614,10.0842518665706,0.608208343918719,6.24081049084231,1.74254689226882,1.05414376515138,1.02114259370404,0.818751382532935,0.558852262694324,0.521816999855007,5.7172538962065,30.478738987349,18.4379386378279,17.8607179642937,14.3207105613447,9.77483723549748,9.12705661368724,NA,NA,NA,NA,NA,NA,NA,NA,NA,NA,NA,NA,NA,NA,NA,NA,NA,NA
"79","BuffalloPound_DOM_AllData.xlsx","BP WSA Spatiotemporal","Qu'Appelle River at Hwy 19","Qu’Appelle R @ Hwy#19",2016-04-11,NA,NA,NA,NA,NA,NA,NA,NA,NA,NA,NA,NA,NA,NA,NA,NA,NA,NA,3.419,NA,8.1066686290603,2.37106423780646,5.2832976649192,1.23677651899019,0.271856629245412,0.0221843197937215,0.0179321003257824,1.23712891355093,0.814933761063677,1.52854146762157,4.38314786583288,0.814235086064224,0.892107496631574,0.161189664324271,0.299515508968518,0.116309317589817,0.0348934395890725,0.504694649729041,0.228337563670837,0.00867117802917954,0.171256985333483,36.9100714705007,6.66906404550922,12.3921600079514,4.8121837795723,1.44368179165314,20.8812454357969,9.4472424302149,0.358761474372667,7.08558956442877,0.250153335667932,0.248095923749824,0.145455670374677,0.113415048252953,0.112983596809388,0.171432796229898,1.04153637108467,24.0177244513716,23.8201881986563,13.9654912121021,10.8892066951864,10.8477821750694,16.4596072676142,NA,NA,NA,NA,NA,NA,NA,NA,NA,NA,NA,NA,NA,NA,NA,NA,NA,NA
"80","Helen_2016_DOC&DOM.xlsx","Combined Needs Verification","Iskwao Creek","Iskwao Creek",2016-04-11,NA,NA,NA,NA,NA,NA,NA,12,NA,"Iskwao Creek 1","IskC-1 110416","20160715_Iskwao_Creek_1_12",NA,NA,NA,NA,NA,NA,17.6,2.36501988136689,41.6243499120572,NA,29.3193076456574,8.37221047810956,1.63582446994456,0.0175974645809841,0.018446376134622,0.953979494539058,0.680996952683576,1.55844651716589,9.04185905147654,0.900416845638461,3.10083025775177,0.375425413556202,1.95154927335884,0.827025493591292,0.220406880736045,2.01881360259952,1.03117276416227,0.0621928019533396,0.638158773660544,30.3242622394662,3.6714356303697,19.0849827366818,8.08781386330047,2.15544724968871,19.7427875791614,10.0842518665706,0.608208343918719,6.24081049084231,NA,NA,NA,NA,NA,NA,NA,NA,NA,NA,NA,NA,NA,NA,NA,NA,NA,NA,NA,NA,NA,NA,NA,NA,NA,NA,NA,NA,NA,NA,NA
"81","Helen_2016_DOC&DOM.xlsx","Combined Needs Verification","Qu'Appelle River at Hwy 19","Qu’Appelle R @ Hwy#19",2016-04-11,NA,NA,NA,NA,NA,NA,NA,11,NA,"QAR-1","QR-1110416","20160713_QR_1_20160411",NA,NA,NA,NA,NA,NA,3.419,2.37106423780646,8.1066686290603,NA,5.2832976649192,1.23677651899019,0.271856629245412,0.0221843197937215,0.0179321003257824,1.23712891355093,0.814933761063677,1.52854146762157,4.38314786583288,0.814235086064224,0.892107496631574,0.161189664324271,0.299515508968518,0.116309317589817,0.0348934395890725,0.504694649729041,0.228337563670837,0.00867117802917954,0.171256985333483,36.9100714705007,6.66906404550922,12.3921600079514,4.8121837795723,1.44368179165314,20.8812454357969,9.4472424302149,0.358761474372667,7.08558956442877,NA,NA,NA,NA,NA,NA,NA,NA,NA,NA,NA,NA,NA,NA,NA,NA,NA,NA,NA,NA,NA,NA,NA,NA,NA,NA,NA,NA,NA,NA,NA
"82","BuffalloPound_DOM_AllData.xlsx","BP WSA Spatiotemporal","1.5 km below Qu'Appelle R. Inflow Centre","Buffalo Pound Lake 1.5 km below Qu’Appelle R. Inflow",2016-04-12,NA,NA,NA,NA,NA,NA,NA,NA,NA,NA,NA,NA,NA,NA,NA,NA,NA,NA,6.57,NA,16.5494132135302,2.51893656218116,11.5608585841644,3.09303584865888,0.59392297049112,0.0187607391227407,0.0188244625710203,0.996614859625384,0.711925094392015,1.57531015336018,6.54592578073451,0.867478155887367,1.34874298149008,0.198880750297112,0.72240190663686,0.308227491877853,0.0842728329032027,0.823149061529101,0.42784913459676,0.0263944149282707,0.297152146630677,31.8319676572876,4.69382654664166,17.0495598073268,7.2745420641248,1.98894090881501,19.4273146650763,10.0977576911178,0.622940155285561,7.0131505043245,0.638862749443148,0.401951771319359,0.380887226047182,0.303247312070833,0.224940102168482,0.271290163307248,2.22117932435625,28.7623219988465,18.0963223865706,17.1479727850236,13.6525362335939,10.127057266467,12.2137893294984,NA,NA,NA,NA,NA,NA,NA,NA,NA,NA,NA,NA,NA,NA,NA,NA,NA,NA
"83","BuffalloPound_DOM_AllData.xlsx","BP WSA Spatiotemporal","Opposite Sun Valley","Buffalo Pound Lake Opp Sun Valley",2016-04-12,NA,NA,NA,NA,NA,NA,NA,NA,NA,NA,NA,NA,NA,NA,NA,NA,NA,NA,6.717,NA,14.8959868384575,2.21765473253796,10.0283249301467,2.44731045361259,0.488523478014806,0.0210571742800562,0.0187538043905534,1.12282147352796,0.765005831516351,1.59182577223816,5.71333423395526,0.851042721075599,1.28681610429616,0.201836223589306,0.636926334599442,0.252719899463829,0.0666857207426026,0.786545444962309,0.420249434149633,0.0198680819814894,0.309625823494965,32.3217242964798,5.06964029290293,15.9980569992561,6.3477157982661,1.67498485071677,19.7561290489358,10.555654612176,0.499038414239307,7.7770556870273,0.560426308336809,0.395353887433893,0.307325125367198,0.251672376042841,0.229985604539346,0.275297781540134,2.02006108326022,27.7430377220239,19.571382801743,15.2136550678556,12.4586517768394,11.3850816911025,13.6281909404356,NA,NA,NA,NA,NA,NA,NA,NA,NA,NA,NA,NA,NA,NA,NA,NA,NA,NA
"84","BuffalloPound_DOM_AllData.xlsx","BP WSA Spatiotemporal","Opposite Parkview","Buffalo Pound Lake Opp Parkview",2016-04-12,NA,NA,NA,NA,NA,NA,NA,NA,NA,NA,NA,NA,NA,NA,NA,NA,NA,NA,6.758,NA,13.7350225782325,2.03240937825281,9.06816988783842,2.03297607221496,0.374832714763518,0.022413815892594,0.0198404785617758,1.12970137402713,0.777580042102808,1.59387098596817,5.60705564409659,0.848646650812832,1.22786481429964,0.177569604957355,0.581410636913134,0.22329373731429,0.0613241823194845,0.742462346594173,0.389189836137724,0.0170728272886673,0.267623443024121,33.2952169054643,4.81504025851983,15.7657366199622,6.05491201549877,1.66288823337779,20.1328717836851,10.5534093498712,0.462952827661196,7.25697200595961,0.509319782302352,0.379231784713494,0.275086737679713,0.229226533538164,0.217639003862162,0.244059749355648,1.85456359145153,27.4630530141982,20.4485727241456,14.8329633423035,12.3601333809618,11.7353217147879,13.1599558236031,NA,NA,NA,NA,NA,NA,NA,NA,NA,NA,NA,NA,NA,NA,NA,NA,NA,NA
"85","BuffalloPound_DOM_AllData.xlsx","BP WSA Spatiotemporal","Opposite WTP Intake","Buffalo Pound Lake Opp Treatment Plant Intake",2016-04-12,NA,NA,NA,NA,NA,NA,NA,NA,NA,NA,NA,NA,NA,NA,NA,NA,NA,NA,6.65,NA,13.3884581902765,2.01330198350023,8.73531036726175,1.9322837079663,0.371118033572996,0.0226998784351464,0.0193807105321995,1.17126141466446,0.787199137110609,1.60162104924065,5.4359310796457,0.844622326183292,1.23376707583683,0.153919288698133,0.571162286458876,0.221182034205083,0.0593411594466083,0.735407064862636,0.385437505052837,0.0160905208594458,0.267463868215474,33.8596235143473,4.22417591536068,15.6750332893865,6.07014123897083,1.62856454603003,20.1825829475557,10.577984341612,0.441589817981689,7.34030438875536,0.496663574840759,0.378090151036228,0.267428305354568,0.225086719427461,0.222789486152968,0.235022865173813,1.8250811019858,27.2132331160714,20.7163479269411,14.6529546036935,12.3329708023689,12.2071006001081,12.877392950817,NA,NA,NA,NA,NA,NA,NA,NA,NA,NA,NA,NA,NA,NA,NA,NA,NA,NA
"86","BuffalloPound_DOM_AllData.xlsx","BP WSA Spatiotemporal","0.5 mi Above Outlet","Buffalo Pound Lake 0.5 mi above Outlet",2016-04-12,NA,NA,NA,NA,NA,NA,NA,NA,NA,NA,NA,NA,NA,NA,NA,NA,NA,NA,6.752,NA,12.9463728451731,1.91741303986568,8.34893951204057,1.70550053591827,0.271906730385285,0.0237359578868267,0.021582812049377,1.09976206216891,0.791794183497748,1.59679993301026,5.47743257156977,0.845617844886704,1.19597012400134,0.179499250810007,0.543561087708916,0.207680320366104,0.0583643780222453,0.714691602118085,0.372834512487599,0.0145959645021696,0.250595543789163,33.805544787019,5.07376383466186,15.3644128112049,5.87033591443705,1.64973986858163,20.2016241705736,10.5386192824595,0.412572623500821,7.08338670756164,0.474316796503468,0.372335168577692,0.253962538389812,0.215146360291638,0.21160289304772,0.230522179637904,1.75788593644823,26.9822282930264,21.180849158506,14.4470430716874,12.238926077669,12.0373505846038,13.1136028145073,NA,NA,NA,NA,NA,NA,NA,NA,NA,NA,NA,NA,NA,NA,NA,NA,NA,NA
"87","BuffalloPound_DOM_AllData.xlsx","BP WSA Spatiotemporal","Buffalo Pound Outlet","Buffalo Pound Outlet",2016-04-12,NA,NA,NA,NA,NA,NA,NA,NA,NA,NA,NA,NA,NA,NA,NA,NA,NA,NA,6.529,NA,12.8952700912191,1.97507582956335,8.36989114068406,1.72043963581981,0.270013897352549,0.0234950885541271,0.0208273633415953,1.128087514909,0.786986428069045,1.60738400770369,5.91376002761802,0.855360904051435,1.20134029807579,0.151811386721009,0.554064025852555,0.214001018723679,0.0582733226765398,0.726675413482015,0.372493501550851,0.0164673366221076,0.228546399088204,34.0934133049203,4.30832825650033,15.7240490983576,6.07323769185681,1.65376661204527,20.622670570569,10.5711719835848,0.467334455014965,6.48602802715092,0.484317929971519,0.372768079864014,0.258451797181038,0.222071613692888,0.219009069943296,0.207407221679026,1.76402571233178,27.4552647722647,21.1316692981345,14.6512488664013,12.5889102488955,12.41529918823,11.7576076260739,NA,NA,NA,NA,NA,NA,NA,NA,NA,NA,NA,NA,NA,NA,NA,NA,NA,NA
"88","BuffalloPound_DOM_AllData.xlsx","BP WSA Spatiotemporal","1.5 km below Qu'Appelle R. Inflow East","Buffalo Pound Lake 1.5 km below Qu’Appelle R. Inflow- EAST",2016-04-12,NA,NA,NA,NA,NA,NA,NA,NA,NA,NA,NA,NA,NA,NA,NA,NA,NA,NA,6.578,NA,16.7332160647207,2.54381515121932,11.7003119021323,3.12634105487989,0.580177969217532,0.0186487269521343,0.0193243088009031,0.965039792329481,0.710505879201665,1.56705549451632,6.86901800112591,0.872919340144232,1.36979686128567,0.191233261608277,0.736191970045804,0.311821084086826,0.0867003288176751,0.843898874524213,0.428812467982763,0.0255202612626488,0.28088519205299,32.0430789457975,4.47343885211198,17.221427557732,7.29429880937255,2.02814414271897,19.7409696451404,10.0310287991296,0.596984683983658,6.57062856401334,0.654090234303803,0.412344666545482,0.388694209061312,0.307607201208521,0.231889675416484,0.253873960200187,2.24849994673579,29.0900711495842,18.3386558289269,17.2868231384924,13.680551856587,10.3130834293825,11.2908145970269,NA,NA,NA,NA,NA,NA,NA,NA,NA,NA,NA,NA,NA,NA,NA,NA,NA,NA
"89","BuffalloPound_DOM_AllData.xlsx","BP WSA Spatiotemporal","1.5 km below Qu'Appelle R. Inflow West","Buffalo Pound Lake 1.5 km below Qu’Appelle R. Inflow- WEST",2016-04-12,NA,NA,NA,NA,NA,NA,NA,NA,NA,NA,NA,NA,NA,NA,NA,NA,NA,NA,6.571,NA,16.7088787829509,2.54282130314273,11.7822682420262,3.33072274102647,0.76875294717702,0.0180103926980478,0.0171016613072809,1.05313702420127,0.712595571102303,1.58814005528971,7.04847336707305,0.875752834805781,1.37890883463616,0.186948441756729,0.742560187063025,0.31454107105096,0.0868191936279325,0.848642625822859,0.425154409144069,0.0264699657956438,0.276615724369024,32.1674377914734,4.36116748211946,17.3225800167401,7.33767170225209,2.02533404673507,19.797290573276,9.91807990810433,0.617496209093815,6.45294227020582,0.655882527260689,0.430890065736459,0.391754032165267,0.311327541237309,0.231848400398175,0.247631442420808,2.26933400921871,28.9019828987844,18.9875119301987,17.2629516225397,13.7188946172139,10.2165833436743,10.912075587589,NA,NA,NA,NA,NA,NA,NA,NA,NA,NA,NA,NA,NA,NA,NA,NA,NA,NA
"90","BuffalloPound_DOM_AllData.xlsx","BP WSA Spatiotemporal","Upstream of Causeway Centre","Buffalo Pound Lake Upstream of Causeway",2016-04-12,NA,NA,NA,NA,NA,NA,NA,NA,NA,NA,NA,NA,NA,NA,NA,NA,NA,NA,6.631,NA,16.7885358192561,2.53182564006275,11.7970567455779,3.26302640474043,0.739889926765608,0.0183547074491633,0.0175017764740609,1.0487339657415,0.718367878709171,1.5583157505937,6.5540749500531,0.867621117527703,1.35753821276286,0.20820969575019,0.72598243426046,0.311352453566282,0.0867704018738315,0.842946844889314,0.43888561916338,0.0250014611084143,0.324172066468598,31.4182469994372,4.81871050645692,16.8018072879339,7.20579958491013,2.00817471853272,19.5087784131165,10.1573691684985,0.578622445442866,7.50249087567124,0.648142050655687,0.412315590686728,0.385095757453318,0.31010374388724,0.23158925042652,0.286389329261366,2.27363572237086,28.506855530042,18.1346372521268,16.9374431297092,13.6391129342336,10.1858555505553,12.5960956033331,NA,NA,NA,NA,NA,NA,NA,NA,NA,NA,NA,NA,NA,NA,NA,NA,NA,NA
"91","BuffalloPound_DOM_AllData.xlsx","BP WSA Spatiotemporal","Upstream of Causeway East","Buffalo Pound Lake Upstream of Causeway - EAST",2016-04-12,NA,NA,NA,NA,NA,NA,NA,NA,NA,NA,NA,NA,NA,NA,NA,NA,NA,NA,6.768,NA,16.6074410579763,2.45381812322345,11.7267154387276,3.27623103802797,0.740692579190622,0.0184141336104686,0.0172931710796595,1.06482110919076,0.718285824455956,1.57260255531447,5.89813513003504,0.855033283467307,1.37222489810022,0.227571097803814,0.715744129507408,0.305969644059986,0.0845445496091759,0.830197054590279,0.452515086805654,0.0250516598874377,0.360015519692812,31.3735045963569,5.20301219780411,16.3642284643024,6.99545682894362,1.93296216927167,18.980992943744,10.3459601815075,0.572762065251125,8.23112055281869,0.63667412731853,0.405642452759644,0.379735687108529,0.30487921918716,0.225914293787081,0.329092380717719,2.28193816087866,27.9005863626637,17.7762246021361,16.6409280329626,13.3605381782022,9.90010586878011,14.4216169552553,NA,NA,NA,NA,NA,NA,NA,NA,NA,NA,NA,NA,NA,NA,NA,NA,NA,NA
"92","BuffalloPound_DOM_AllData.xlsx","BP WSA Spatiotemporal","Upstream of Causeway West","Buffalo Pound Lake Upstream of Causeway - WEST",2016-04-12,NA,NA,NA,NA,NA,NA,NA,NA,NA,NA,NA,NA,NA,NA,NA,NA,NA,NA,6.574,NA,16.6304306665301,2.52972781663068,11.6190643511202,3.1379997133734,0.604878527184937,0.0185831687330714,0.018677068707621,0.994972445836142,0.715412084466911,1.56231885183839,6.36862744915151,0.864289515666157,1.34684606535231,0.217355483092315,0.714234974471591,0.303344190109182,0.08371380394472,0.825472047010382,0.433925066832945,0.0248650776990819,0.316041359317774,31.5731322471472,5.09530642651512,16.7432907773544,7.11107711349007,1.96244178963912,19.3509405247173,10.1721895864061,0.582893922865152,7.40872761186563,0.633674027115565,0.402750970943896,0.377548784682912,0.302342426325956,0.223116288386688,0.289637181031354,2.22906967848637,28.4277352669323,18.0681193966704,16.9375048401036,13.5636148678519,10.0093904887797,12.9936351396619,NA,NA,NA,NA,NA,NA,NA,NA,NA,NA,NA,NA,NA,NA,NA,NA,NA,NA
"93","BuffalloPound_DOM_AllData.xlsx","BP WSA Spatiotemporal","0.5 mi Below Causeway","Buffalo Pound Lake 0.5 mi Below Causeway",2016-04-12,NA,NA,NA,NA,NA,NA,NA,NA,NA,NA,NA,NA,NA,NA,NA,NA,NA,NA,7.119,NA,16.7351833517926,2.35077726531712,11.5967700948125,3.04736092668819,0.573373302460663,0.0192531262089888,0.0187998494140911,1.02411066093742,0.729524942948187,1.58064361837212,6.0048298324458,0.857241357189281,1.33721511518553,0.203034884956557,0.705655300090895,0.285356165549172,0.0760811327804323,0.825159938228396,0.441351694532008,0.023692342783579,0.299150915108325,31.8635097864939,4.83796808033786,16.8145381434893,6.79954097912727,1.81288103266803,19.6621257631501,10.5166430429222,0.564547309985197,7.12824586182621,0.622470541992709,0.414459962963077,0.357635603142562,0.2813362803103,0.233112921507029,0.276082716530246,2.18509802644592,28.4870762985934,18.9675684086905,16.3670278776582,12.8752246766657,10.6683049769712,12.6347977614211,NA,NA,NA,NA,NA,NA,NA,NA,NA,NA,NA,NA,NA,NA,NA,NA,NA,NA
"94","BuffalloPound_DOM_AllData.xlsx","BP WSA Spatiotemporal","0.5 mi Below Causeway West","Buffalo Pound Lake 0.5 mi Below Causeway - WEST",2016-04-12,NA,NA,NA,NA,NA,NA,NA,NA,NA,NA,NA,NA,NA,NA,NA,NA,NA,NA,6.897,NA,17.140740214605,2.48524579014137,11.9208400300366,3.21018480375857,0.611340210366498,0.018798078264878,0.0183758888626342,1.0229751826102,0.720013015080901,1.56498176758919,5.48894508504559,0.845891745592886,1.36330905628441,0.251816881161306,0.73211045148281,0.303800893839024,0.0826502813329637,0.846324149084025,0.463926908228351,0.0277388827240087,0.386810595482853,30.5778332435312,5.64803304471717,16.4205989816424,6.81398911583804,1.85377373419507,18.9823126175038,10.4054759789068,0.622158949496231,8.6758243341693,0.647940286128884,0.413579208771016,0.379599106261995,0.299101350411494,0.233699338818229,0.349697659530156,2.32361694992177,27.8849870737385,17.7989409478589,16.3365612509744,12.872231390013,10.0575673122929,15.0497120251223,NA,NA,NA,NA,NA,NA,NA,NA,NA,NA,NA,NA,NA,NA,NA,NA,NA,NA
"95","BuffalloPound_DOM_AllData.xlsx","BP WSA Spatiotemporal","Opposite South Lake","Buffalo Pound Lake Opp South Lake",2016-04-12,NA,NA,NA,NA,NA,NA,NA,NA,NA,NA,NA,NA,NA,NA,NA,NA,NA,NA,7.118,NA,16.8673589495648,2.36967672795235,11.7432125249781,3.07860188575284,0.582354316893068,0.0191838385164503,0.0189629711796516,1.0116472959172,0.725585344296808,1.5822852075352,5.80047381507016,0.852951422622354,1.34577269958735,0.230060219611685,0.721195345634336,0.291657979257002,0.076077300700058,0.838753129599481,0.440848361542531,0.0252816156218827,0.311394969710218,31.4356368997373,5.37393092533703,16.8462586780763,6.81278074495457,1.77707454004117,19.5922675788358,10.2976892201369,0.590548232381234,7.27381318049969,0.637395678455314,0.416678756330903,0.364889619606025,0.282362773140135,0.231581412146865,0.292294292863251,2.22520253254249,28.6443894042774,18.7254306175362,16.398040819642,12.6893066590892,10.4072060300175,13.1356264694378,NA,NA,NA,NA,NA,NA,NA,NA,NA,NA,NA,NA,NA,NA,NA,NA,NA,NA
"96","BuffalloPound_DOM_AllData.xlsx","BP WSA Spatiotemporal","Qu'Appelle River at Marquis","Qu’Appelle R @ Marquis",2016-04-12,NA,NA,NA,NA,NA,NA,NA,NA,NA,NA,NA,NA,NA,NA,NA,NA,NA,NA,5.204,NA,12.3028054569668,2.36410558358317,8.35436398509088,2.13862919938944,0.462098260238014,0.0200413940067598,0.0182920402082635,1.09563470113662,0.738126565657048,1.57184328501178,6.52755790827262,0.867154791476128,1.18054638041327,0.161348240891821,0.547521135299331,0.234891257521099,0.0689172456669132,0.691621753378393,0.348308321395879,0.0190823124796164,0.244234386293945,33.7639399599277,4.61460253362033,15.6592498573131,6.71795233769465,1.971051526232,19.7805657985866,9.96171048107129,0.545759203999084,6.98516830155523,0.478858570685797,0.352989577988621,0.289131389466137,0.236979753992128,0.182658264218835,0.219846765134244,1.76046432148576,27.2006972729592,20.0509362036211,16.4235870013044,13.4612074269206,10.3755731933652,12.4879989018296,NA,NA,NA,NA,NA,NA,NA,NA,NA,NA,NA,NA,NA,NA,NA,NA,NA,NA
"97","BuffalloPound_DOM_AllData.xlsx","BP WSA Spatiotemporal","Ridge Creek","Ridge Creek",2016-04-12,NA,NA,NA,NA,NA,NA,NA,NA,NA,NA,NA,NA,NA,NA,NA,NA,NA,NA,21.95,NA,53.5339963075927,2.43890643770354,36.5881613837832,9.62039537082249,1.78026849598308,0.0189746245507767,0.0191063277963146,0.993106825814885,0.712175122868962,1.59287308453515,9.56488066991644,0.905346777569622,4.13377418780735,0.41648450072178,2.53848869049519,1.07495304353527,0.28327196191336,2.59958249226892,1.35011394261734,0.0918747022742467,0.730399580132749,31.2715937725387,3.15066414550292,19.2034164225733,8.13191368825579,2.14292443603537,19.6655850037026,10.2134787344455,0.695023055678114,5.52540074126773,2.2593644293487,1.48756331660092,1.3064119046675,1.09054064939589,0.790430016110541,0.587874406755163,7.52218472287871,30.036013639453,19.7756818185613,17.3674531109832,14.4976584539198,10.5079846511406,7.81520832594212,NA,NA,NA,NA,NA,NA,NA,NA,NA,NA,NA,NA,NA,NA,NA,NA,NA,NA
"98","Helen_2016_DOC&DOM.xlsx","Combined Needs Verification","1.5 km below Qu'Appelle R. Inflow Centre","Buffalo Pound Lake 1.5 km below Qu’Appelle R. Inflow",2016-04-12,NA,NA,NA,NA,NA,NA,NA,17,NA,"BPL-1","BPL-1 120416","20160713_BPL_1_17",NA,NA,NA,NA,NA,NA,6.57,2.51893656218116,16.5494132135302,NA,11.5608585841644,3.09303584865888,0.59392297049112,0.0187607391227407,0.0188244625710203,0.996614859625384,0.711925094392015,1.57531015336018,6.54592578073451,0.867478155887367,1.34874298149008,0.198880750297112,0.72240190663686,0.308227491877853,0.0842728329032027,0.823149061529101,0.42784913459676,0.0263944149282707,0.297152146630677,31.8319676572876,4.69382654664166,17.0495598073268,7.2745420641248,1.98894090881501,19.4273146650763,10.0977576911178,0.622940155285561,7.0131505043245,NA,NA,NA,NA,NA,NA,NA,NA,NA,NA,NA,NA,NA,NA,NA,NA,NA,NA,NA,NA,NA,NA,NA,NA,NA,NA,NA,NA,NA,NA,NA
"99","Helen_2016_DOC&DOM.xlsx","Combined Needs Verification","Opposite Sun Valley","Buffalo Pound Lake Opp Sun Valley",2016-04-12,NA,NA,NA,NA,NA,NA,NA,26,NA,"BPL-10","BPL-10 120416","20160713_BPL_10_26",NA,NA,NA,NA,NA,NA,6.717,2.21765473253796,14.8959868384575,NA,10.0283249301467,2.44731045361259,0.488523478014806,0.0210571742800562,0.0187538043905534,1.12282147352796,0.765005831516351,1.59182577223816,5.71333423395526,0.851042721075599,1.28681610429616,0.201836223589306,0.636926334599442,0.252719899463829,0.0666857207426026,0.786545444962309,0.420249434149633,0.0198680819814894,0.309625823494965,32.3217242964798,5.06964029290293,15.9980569992561,6.3477157982661,1.67498485071677,19.7561290489358,10.555654612176,0.499038414239307,7.7770556870273,NA,NA,NA,NA,NA,NA,NA,NA,NA,NA,NA,NA,NA,NA,NA,NA,NA,NA,NA,NA,NA,NA,NA,NA,NA,NA,NA,NA,NA,NA,NA
"100","Helen_2016_DOC&DOM.xlsx","Combined Needs Verification","Opposite Parkview","Buffalo Pound Lake Opp Parkview",2016-04-12,NA,NA,NA,NA,NA,NA,NA,27,NA,"BPL-11","BPL-11 120416","20160713_BPL_11_27",NA,NA,NA,NA,NA,NA,6.758,2.03240937825281,13.7350225782325,NA,9.06816988783842,2.03297607221496,0.374832714763518,0.022413815892594,0.0198404785617758,1.12970137402713,0.777580042102808,1.59387098596817,5.60705564409659,0.848646650812832,1.22786481429964,0.177569604957355,0.581410636913134,0.22329373731429,0.0613241823194845,0.742462346594173,0.389189836137724,0.0170728272886673,0.267623443024121,33.2952169054643,4.81504025851983,15.7657366199622,6.05491201549877,1.66288823337779,20.1328717836851,10.5534093498712,0.462952827661196,7.25697200595961,NA,NA,NA,NA,NA,NA,NA,NA,NA,NA,NA,NA,NA,NA,NA,NA,NA,NA,NA,NA,NA,NA,NA,NA,NA,NA,NA,NA,NA,NA,NA
"101","Helen_2016_DOC&DOM.xlsx","Combined Needs Verification","Opposite WTP Intake","Buffalo Pound Lake Opp Treatment Plant Intake",2016-04-12,NA,NA,NA,NA,NA,NA,NA,28,NA,"BPL-12","BPL-12 120416","20160713_BPL_12_28",NA,NA,NA,NA,NA,NA,6.65,2.01330198350023,13.3884581902765,NA,8.73531036726175,1.9322837079663,0.371118033572996,0.0226998784351464,0.0193807105321995,1.17126141466446,0.787199137110609,1.60162104924065,5.4359310796457,0.844622326183292,1.23376707583683,0.153919288698133,0.571162286458876,0.221182034205083,0.0593411594466083,0.735407064862636,0.385437505052837,0.0160905208594458,0.267463868215474,33.8596235143473,4.22417591536068,15.6750332893865,6.07014123897083,1.62856454603003,20.1825829475557,10.577984341612,0.441589817981689,7.34030438875536,NA,NA,NA,NA,NA,NA,NA,NA,NA,NA,NA,NA,NA,NA,NA,NA,NA,NA,NA,NA,NA,NA,NA,NA,NA,NA,NA,NA,NA,NA,NA
"102","Helen_2016_DOC&DOM.xlsx","Combined Needs Verification","0.5 mi Above Outlet","Buffalo Pound Lake 0.5 mi above Outlet",2016-04-12,NA,NA,NA,NA,NA,NA,NA,29,NA,"BPL-13","BPL-13 120416","20160713_BPL_13_29",NA,NA,NA,NA,NA,NA,6.752,1.91741303986568,12.9463728451731,NA,8.34893951204057,1.70550053591827,0.271906730385285,0.0237359578868267,0.021582812049377,1.09976206216891,0.791794183497748,1.59679993301026,5.47743257156977,0.845617844886704,1.19597012400134,0.179499250810007,0.543561087708916,0.207680320366104,0.0583643780222453,0.714691602118085,0.372834512487599,0.0145959645021696,0.250595543789163,33.805544787019,5.07376383466186,15.3644128112049,5.87033591443705,1.64973986858163,20.2016241705736,10.5386192824595,0.412572623500821,7.08338670756164,NA,NA,NA,NA,NA,NA,NA,NA,NA,NA,NA,NA,NA,NA,NA,NA,NA,NA,NA,NA,NA,NA,NA,NA,NA,NA,NA,NA,NA,NA,NA
"103","Helen_2016_DOC&DOM.xlsx","Combined Needs Verification","0.5 mi Below Outlet","Buffalo Pound Outlet",2016-04-12,NA,NA,NA,NA,NA,NA,NA,30,NA,"BPL-14","BPL-14 120416","20160713_BPL_14_30",NA,NA,NA,NA,NA,NA,6.529,1.97507582956335,12.8952700912191,NA,8.36989114068406,1.72043963581981,0.270013897352549,0.0234950885541271,0.0208273633415953,1.128087514909,0.786986428069045,1.60738400770369,5.91376002761802,0.855360904051435,1.20134029807579,0.151811386721009,0.554064025852555,0.214001018723679,0.0582733226765398,0.726675413482015,0.372493501550851,0.0164673366221076,0.228546399088204,34.0934133049203,4.30832825650033,15.7240490983576,6.07323769185681,1.65376661204527,20.622670570569,10.5711719835848,0.467334455014965,6.48602802715092,NA,NA,NA,NA,NA,NA,NA,NA,NA,NA,NA,NA,NA,NA,NA,NA,NA,NA,NA,NA,NA,NA,NA,NA,NA,NA,NA,NA,NA,NA,NA
"104","Helen_2016_DOC&DOM.xlsx","Combined Needs Verification","1.5 km below Qu'Appelle R. Inflow East","Buffalo Pound Lake 1.5 km below Qu’Appelle R. Inflow- EAST",2016-04-12,NA,NA,NA,NA,NA,NA,NA,18,NA,"BPL-2","BPL-2 120416","20160713_BPL_2_18",NA,NA,NA,NA,NA,NA,6.578,2.54381515121932,16.7332160647207,NA,11.7003119021323,3.12634105487989,0.580177969217532,0.0186487269521343,0.0193243088009031,0.965039792329481,0.710505879201665,1.56705549451632,6.86901800112591,0.872919340144232,1.36979686128567,0.191233261608277,0.736191970045804,0.311821084086826,0.0867003288176751,0.843898874524213,0.428812467982763,0.0255202612626488,0.28088519205299,32.0430789457975,4.47343885211198,17.221427557732,7.29429880937255,2.02814414271897,19.7409696451404,10.0310287991296,0.596984683983658,6.57062856401334,NA,NA,NA,NA,NA,NA,NA,NA,NA,NA,NA,NA,NA,NA,NA,NA,NA,NA,NA,NA,NA,NA,NA,NA,NA,NA,NA,NA,NA,NA,NA
"105","Helen_2016_DOC&DOM.xlsx","Combined Needs Verification","1.5 km below Qu'Appelle R. Inflow West","Buffalo Pound Lake 1.5 km below Qu’Appelle R. Inflow- WEST",2016-04-12,NA,NA,NA,NA,NA,NA,NA,19,NA,"BPL-3","BPL-3 120416","20160713_BPL_3_19",NA,NA,NA,NA,NA,NA,6.571,2.54282130314273,16.7088787829509,NA,11.7822682420262,3.33072274102647,0.76875294717702,0.0180103926980478,0.0171016613072809,1.05313702420127,0.712595571102303,1.58814005528971,7.04847336707305,0.875752834805781,1.37890883463616,0.186948441756729,0.742560187063025,0.31454107105096,0.0868191936279325,0.848642625822859,0.425154409144069,0.0264699657956438,0.276615724369024,32.1674377914734,4.36116748211946,17.3225800167401,7.33767170225209,2.02533404673507,19.797290573276,9.91807990810433,0.617496209093815,6.45294227020582,NA,NA,NA,NA,NA,NA,NA,NA,NA,NA,NA,NA,NA,NA,NA,NA,NA,NA,NA,NA,NA,NA,NA,NA,NA,NA,NA,NA,NA,NA,NA
"106","Helen_2016_DOC&DOM.xlsx","Combined Needs Verification","Upstream of Causeway Centre","Buffalo Pound Lake Upstream of Causeway",2016-04-12,NA,NA,NA,NA,NA,NA,NA,20,NA,"BPL-4","BPL-4 120416","20160713_BPL_4_20",NA,NA,NA,NA,NA,NA,6.631,2.53182564006275,16.7885358192561,NA,11.7970567455779,3.26302640474043,0.739889926765608,0.0183547074491633,0.0175017764740609,1.0487339657415,0.718367878709171,1.5583157505937,6.5540749500531,0.867621117527703,1.35753821276286,0.20820969575019,0.72598243426046,0.311352453566282,0.0867704018738315,0.842946844889314,0.43888561916338,0.0250014611084143,0.324172066468598,31.4182469994372,4.81871050645692,16.8018072879339,7.20579958491013,2.00817471853272,19.5087784131165,10.1573691684985,0.578622445442866,7.50249087567124,NA,NA,NA,NA,NA,NA,NA,NA,NA,NA,NA,NA,NA,NA,NA,NA,NA,NA,NA,NA,NA,NA,NA,NA,NA,NA,NA,NA,NA,NA,NA
"107","Helen_2016_DOC&DOM.xlsx","Combined Needs Verification","Upstream of Causeway East","Buffalo Pound Lake Upstream of Causeway - EAST",2016-04-12,NA,NA,NA,NA,NA,NA,NA,21,NA,"BPL-5","BPL-5 120416","20160713_BPL_5_21",NA,NA,NA,NA,NA,NA,6.768,2.45381812322345,16.6074410579763,NA,11.7267154387276,3.27623103802797,0.740692579190622,0.0184141336104686,0.0172931710796595,1.06482110919076,0.718285824455956,1.57260255531447,5.89813513003504,0.855033283467307,1.37222489810022,0.227571097803814,0.715744129507408,0.305969644059986,0.0845445496091759,0.830197054590279,0.452515086805654,0.0250516598874377,0.360015519692812,31.3735045963569,5.20301219780411,16.3642284643024,6.99545682894362,1.93296216927167,18.980992943744,10.3459601815075,0.572762065251125,8.23112055281869,NA,NA,NA,NA,NA,NA,NA,NA,NA,NA,NA,NA,NA,NA,NA,NA,NA,NA,NA,NA,NA,NA,NA,NA,NA,NA,NA,NA,NA,NA,NA
"108","Helen_2016_DOC&DOM.xlsx","Combined Needs Verification","Upstream of Causeway West","Buffalo Pound Lake Upstream of Causeway - WEST",2016-04-12,NA,NA,NA,NA,NA,NA,NA,22,NA,"BPL-6","BPL-6 120416","20160713_BPL_6_22",NA,NA,NA,NA,NA,NA,6.574,2.52972781663068,16.6304306665301,NA,11.6190643511202,3.1379997133734,0.604878527184937,0.0185831687330714,0.018677068707621,0.994972445836142,0.715412084466911,1.56231885183839,6.36862744915151,0.864289515666157,1.34684606535231,0.217355483092315,0.714234974471591,0.303344190109182,0.08371380394472,0.825472047010382,0.433925066832945,0.0248650776990819,0.316041359317774,31.5731322471472,5.09530642651512,16.7432907773544,7.11107711349007,1.96244178963912,19.3509405247173,10.1721895864061,0.582893922865152,7.40872761186563,NA,NA,NA,NA,NA,NA,NA,NA,NA,NA,NA,NA,NA,NA,NA,NA,NA,NA,NA,NA,NA,NA,NA,NA,NA,NA,NA,NA,NA,NA,NA
"109","Helen_2016_DOC&DOM.xlsx","Combined Needs Verification","0.5 mi Below Causeway","Buffalo Pound Lake 0.5 mi Below Causeway",2016-04-12,NA,NA,NA,NA,NA,NA,NA,23,NA,"BPL-7","BPL-7 120416","20160713_BPL_7_23",NA,NA,NA,NA,NA,NA,7.119,2.35077726531712,16.7351833517926,NA,11.5967700948125,3.04736092668819,0.573373302460663,0.0192531262089888,0.0187998494140911,1.02411066093742,0.729524942948187,1.58064361837212,6.0048298324458,0.857241357189281,1.33721511518553,0.203034884956557,0.705655300090895,0.285356165549172,0.0760811327804323,0.825159938228396,0.441351694532008,0.023692342783579,0.299150915108325,31.8635097864939,4.83796808033786,16.8145381434893,6.79954097912727,1.81288103266803,19.6621257631501,10.5166430429222,0.564547309985197,7.12824586182621,NA,NA,NA,NA,NA,NA,NA,NA,NA,NA,NA,NA,NA,NA,NA,NA,NA,NA,NA,NA,NA,NA,NA,NA,NA,NA,NA,NA,NA,NA,NA
"110","Helen_2016_DOC&DOM.xlsx","Combined Needs Verification","0.5 mi Below Causeway West","Buffalo Pound Lake 0.5 mi Below Causeway - WEST",2016-04-12,NA,NA,NA,NA,NA,NA,NA,24,NA,"BPL-8","BPL-8 120416","20160713_BPL_8_24",NA,NA,NA,NA,NA,NA,6.897,2.48524579014137,17.140740214605,NA,11.9208400300366,3.21018480375857,0.611340210366498,0.018798078264878,0.0183758888626342,1.0229751826102,0.720013015080901,1.56498176758919,5.48894508504559,0.845891745592886,1.36330905628441,0.251816881161306,0.73211045148281,0.303800893839024,0.0826502813329637,0.846324149084025,0.463926908228351,0.0277388827240087,0.386810595482853,30.5778332435312,5.64803304471717,16.4205989816424,6.81398911583804,1.85377373419507,18.9823126175038,10.4054759789068,0.622158949496231,8.6758243341693,NA,NA,NA,NA,NA,NA,NA,NA,NA,NA,NA,NA,NA,NA,NA,NA,NA,NA,NA,NA,NA,NA,NA,NA,NA,NA,NA,NA,NA,NA,NA
"111","Helen_2016_DOC&DOM.xlsx","Combined Needs Verification","Opposite South Lake","Buffalo Pound Lake Opp South Lake",2016-04-12,NA,NA,NA,NA,NA,NA,NA,25,NA,"BPL-9","BPL-9 120416","20160713_BPL_9_25",NA,NA,NA,NA,NA,NA,7.118,2.36967672795235,16.8673589495648,NA,11.7432125249781,3.07860188575284,0.582354316893068,0.0191838385164503,0.0189629711796516,1.0116472959172,0.725585344296808,1.5822852075352,5.80047381507016,0.852951422622354,1.34577269958735,0.230060219611685,0.721195345634336,0.291657979257002,0.076077300700058,0.838753129599481,0.440848361542531,0.0252816156218827,0.311394969710218,31.4356368997373,5.37393092533703,16.8462586780763,6.81278074495457,1.77707454004117,19.5922675788358,10.2976892201369,0.590548232381234,7.27381318049969,NA,NA,NA,NA,NA,NA,NA,NA,NA,NA,NA,NA,NA,NA,NA,NA,NA,NA,NA,NA,NA,NA,NA,NA,NA,NA,NA,NA,NA,NA,NA
"112","Helen_2016_DOC&DOM.xlsx","Combined Needs Verification","Qu'Appelle River at Marquis","Qu’Appelle R @ Marquis",2016-04-12,NA,NA,NA,NA,NA,NA,NA,31,NA,"QAR-2","QR2","20160713_QR_2",NA,NA,NA,NA,NA,NA,5.204,2.36410558358317,12.3028054569668,NA,8.35436398509088,2.13862919938944,0.462098260238014,0.0200413940067598,0.0182920402082635,1.09563470113662,0.738126565657048,1.57184328501178,6.52755790827262,0.867154791476128,1.18054638041327,0.161348240891821,0.547521135299331,0.234891257521099,0.0689172456669132,0.691621753378393,0.348308321395879,0.0190823124796164,0.244234386293945,33.7639399599277,4.61460253362033,15.6592498573131,6.71795233769465,1.971051526232,19.7805657985866,9.96171048107129,0.545759203999084,6.98516830155523,NA,NA,NA,NA,NA,NA,NA,NA,NA,NA,NA,NA,NA,NA,NA,NA,NA,NA,NA,NA,NA,NA,NA,NA,NA,NA,NA,NA,NA,NA,NA
"113","Helen_2016_DOC&DOM.xlsx","Combined Needs Verification","Ridge Creek","Ridge Creek",2016-04-12,NA,NA,NA,NA,NA,NA,NA,32,NA,"Ridge Creek 1","RC-1 180516 11:05","20160713_RC_1_20160518",NA,NA,NA,NA,NA,NA,21.95,2.43890643770354,53.5339963075927,NA,36.5881613837832,9.62039537082249,1.78026849598308,0.0189746245507767,0.0191063277963146,0.993106825814885,0.712175122868962,1.59287308453515,9.56488066991644,0.905346777569622,4.13377418780735,0.41648450072178,2.53848869049519,1.07495304353527,0.28327196191336,2.59958249226892,1.35011394261734,0.0918747022742467,0.730399580132749,31.2715937725387,3.15066414550292,19.2034164225733,8.13191368825579,2.14292443603537,19.6655850037026,10.2134787344455,0.695023055678114,5.52540074126773,NA,NA,NA,NA,NA,NA,NA,NA,NA,NA,NA,NA,NA,NA,NA,NA,NA,NA,NA,NA,NA,NA,NA,NA,NA,NA,NA,NA,NA,NA,NA
"114","BuffalloPound_DOM_AllData.xlsx","BP WSA Spatiotemporal","Buffalo Pound Outlet","Buffalo Pound Outlet",2016-04-18,NA,NA,NA,NA,NA,NA,NA,NA,NA,NA,NA,NA,NA,NA,NA,NA,NA,NA,7.075,NA,13.4295419826556,1.89816847811387,8.7622320601517,1.95033279558468,0.426094609862735,0.0231994245102411,0.0179950803337877,1.28920927719793,0.791074873993598,1.5729347459918,5.2156805730354,0.839116571669053,1.17014120866591,0.167650166152649,0.506080702284946,0.198255558160073,0.0561534487452214,0.683740760461745,0.35725426777444,0.0150853340022976,0.247179068376115,34.4003313685494,4.92865410339557,14.8779854336375,5.82840502142374,1.65082404586436,20.100914792057,10.5027197600201,0.443485354281243,7.26668012077115,0.4357978180725,0.369251952966547,0.243298318436134,0.204346477341062,0.193961531314173,0.230710952730689,1.6773670508611,25.9810646601635,22.0137836126556,14.5047751063926,12.1825737089659,11.5634518523897,13.7543510594327,NA,NA,NA,NA,NA,NA,NA,NA,NA,NA,NA,NA,NA,NA,NA,NA,NA,NA
"115","BuffalloPound_DOM_AllData.xlsx","BP WSA Spatiotemporal","Iskwao Creek 1","Iskwao Creek 1",2016-04-18,NA,NA,NA,NA,NA,NA,NA,NA,NA,NA,NA,NA,NA,NA,NA,NA,NA,NA,27.55,NA,71.912289848542,2.61024645548247,50.1900629496084,13.9876077631424,2.60526419372696,0.0180265888213136,0.0188109312735316,0.95830390102368,0.671163597260638,1.57116999761414,11.3612734428846,0.919102185982657,5.36971813914668,0.447838367705776,3.32592858416586,1.40218200520857,0.365432510079055,3.43948782041756,1.67156434590551,0.112719978467066,0.858389546394316,31.599102992312,2.63538799213259,19.5720440352261,8.25140025014295,2.15045542866467,20.2403044371801,9.83663063047452,0.663321633756748,5.05135260011028,2.95185228985884,1.92505088342564,1.72749263149968,1.40499006069758,0.915085295284761,0.661671336980906,9.58614249774741,30.7929106056214,20.0816009555251,18.0207276483279,14.6564695968971,9.54591792788175,6.90237326574677,NA,NA,NA,NA,NA,NA,NA,NA,NA,NA,NA,NA,NA,NA,NA,NA,NA,NA
"116","BuffalloPound_DOM_AllData.xlsx","BP WSA Spatiotemporal","Moose Jaw Creek at TWP RD 184","Moose Jaw Creek at TWP RD 184",2016-04-18,NA,NA,NA,NA,NA,NA,NA,NA,NA,NA,NA,NA,NA,NA,NA,NA,NA,NA,12.81,NA,29.0824569114523,2.27029327958254,19.7327087391342,4.90700956358908,0.932618562202407,0.0201959339997335,0.0186706686549665,1.08169312909751,0.767703785819108,1.61709695494765,6.16771439354654,0.860485512522604,2.1711972988438,0.404335037224793,1.29373136039606,0.528102412825501,0.135426718133968,1.40630640480702,0.884759801908781,0.0542490536066419,0.623094496232742,28.9446562006062,5.39026952942654,17.2469860120715,7.0402366409007,1.80540008908979,18.7477459655674,11.7949061101004,0.723204752828624,8.30659469940881,1.13772527617293,0.802179142712196,0.62351793043296,0.529234246387866,0.490632527003061,0.553047078652703,4.13633620136171,27.5056286720209,19.3934705415898,15.0741598380638,12.7947589515001,11.8615243809616,13.3704576158639,NA,NA,NA,NA,NA,NA,NA,NA,NA,NA,NA,NA,NA,NA,NA,NA,NA,NA
"117","BuffalloPound_DOM_AllData.xlsx","BP WSA Spatiotemporal","Qu'Appelle River at Hwy 19","Qu’Appelle R @ Hwy#19",2016-04-18,NA,NA,NA,NA,NA,NA,NA,NA,NA,NA,NA,NA,NA,NA,NA,NA,NA,NA,3.541,NA,7.49493334806739,2.11661489637599,4.96092423636769,1.10708548631734,0.220415959121243,0.0229548601014942,0.0193362830914846,1.18713922385648,0.804555646411957,1.51809583565823,4.40351228544135,0.814935185269349,0.864623028798556,0.123359898933964,0.268329917898499,0.110716456668739,0.0345184076890284,0.474901726093932,0.214290528963331,0.0108605848978487,0.153773086485061,38.3361326404238,5.46959922477792,11.8973598682016,4.90900730949581,1.53049619501995,21.056454612366,9.50133164199912,0.481542602184744,6.81807590553099,0.222065013489737,0.239107612531752,0.136208446647077,0.107754417129075,0.104821037489673,0.151818492807569,0.961775020094883,23.0890810064738,24.8610753592002,14.162194255538,11.2037030363343,10.8987065893364,15.7852397531173,NA,NA,NA,NA,NA,NA,NA,NA,NA,NA,NA,NA,NA,NA,NA,NA,NA,NA
"118","BuffalloPound_DOM_AllData.xlsx","BP WSA Spatiotemporal","Qu'Appelle River at Marquis","Qu’Appelle R @ Marquis",2016-04-18,NA,NA,NA,NA,NA,NA,NA,NA,NA,NA,NA,NA,NA,NA,NA,NA,NA,NA,5.109,NA,12.1360603731881,2.37542774969428,8.10225624966821,1.97170427368673,0.35767435859097,0.020945254487816,0.0194361358252647,1.07764499466965,0.736266809469644,1.53444990141735,6.16952668246903,0.860520778527095,1.16259475225229,0.151480344334582,0.522341105400495,0.229514768489993,0.0705226055935213,0.677558589161593,0.330052348882862,0.0188918854397107,0.218490031871003,34.3815812501868,4.47974993561257,15.4472683803602,6.78747314631272,2.0855751236544,20.0375372759002,9.7606854219385,0.558692435998268,6.46143703003628,0.451184194008477,0.358803329027743,0.280989222903028,0.230984841684512,0.17140186280201,0.204839630540315,1.69820308096608,26.5683297283741,21.1284111452456,16.5462674077341,13.6017207996766,10.0931310703135,12.062139848656,NA,NA,NA,NA,NA,NA,NA,NA,NA,NA,NA,NA,NA,NA,NA,NA,NA,NA
"119","BuffalloPound_DOM_AllData.xlsx","BP WSA Spatiotemporal","Ridge Creek 1","Ridge Creek 1",2016-04-18,NA,NA,NA,NA,NA,NA,NA,NA,NA,NA,NA,NA,NA,NA,NA,NA,NA,NA,12.22,NA,29.7397859725438,2.43369770642748,20.6405650552545,5.6089597077092,1.14546135946231,0.018334705448773,0.0183593972529432,0.998655086339162,0.718245627182557,1.59880736129906,8.09536059796138,0.890053836873258,2.2862682399119,0.297842540347501,1.45103402993718,0.622466898440167,0.165269088656131,1.4826005844083,0.813835554686056,0.0463954351330908,0.50939236274923,29.7881047759993,3.88063160907272,18.9057228555888,8.11020722180943,2.15331379021057,19.3170078551299,10.6035758841473,0.60449253449186,6.63694347355,1.31104306138948,0.736309441893601,0.75337320402636,0.626978719944306,0.469443232096009,0.431020229738427,4.32816788908818,30.2909474628924,17.0120351326926,17.4062842138287,14.4860073825923,10.8462343450107,9.95849146298321,NA,NA,NA,NA,NA,NA,NA,NA,NA,NA,NA,NA,NA,NA,NA,NA,NA,NA
"120","Helen_2016_DOC&DOM.xlsx","Combined Needs Verification","0.5 mi Below Outlet","Buffalo Pound Outlet",2016-04-18,NA,NA,NA,NA,NA,NA,NA,41,NA,"BPL-14","BPL-14 020516 Rep 1","20160713_BPL_14_88",NA,NA,NA,NA,NA,NA,7.075,1.89816847811387,13.4295419826556,NA,8.7622320601517,1.95033279558468,0.426094609862735,0.0231994245102411,0.0179950803337877,1.28920927719793,0.791074873993598,1.5729347459918,5.2156805730354,0.839116571669053,1.17014120866591,0.167650166152649,0.506080702284946,0.198255558160073,0.0561534487452214,0.683740760461745,0.35725426777444,0.0150853340022976,0.247179068376115,34.4003313685494,4.92865410339557,14.8779854336375,5.82840502142374,1.65082404586436,20.100914792057,10.5027197600201,0.443485354281243,7.26668012077115,NA,NA,NA,NA,NA,NA,NA,NA,NA,NA,NA,NA,NA,NA,NA,NA,NA,NA,NA,NA,NA,NA,NA,NA,NA,NA,NA,NA,NA,NA,NA
"121","Helen_2016_DOC&DOM.xlsx","Combined Needs Verification","Iskwao Creek 1","Iskwao Creek 1",2016-04-18,NA,NA,NA,NA,NA,NA,NA,45,NA,"Iskwao Creek 1 (IskC-1)","IskC-1 180516 12:35","20160715_ISKC_1_20160518",NA,NA,NA,NA,NA,NA,27.55,2.61024645548247,71.912289848542,NA,50.1900629496084,13.9876077631424,2.60526419372696,0.0180265888213136,0.0188109312735316,0.95830390102368,0.671163597260638,1.57116999761414,11.3612734428846,0.919102185982657,5.36971813914668,0.447838367705776,3.32592858416586,1.40218200520857,0.365432510079055,3.43948782041756,1.67156434590551,0.112719978467066,0.858389546394316,31.599102992312,2.63538799213259,19.5720440352261,8.25140025014295,2.15045542866467,20.2403044371801,9.83663063047452,0.663321633756748,5.05135260011028,NA,NA,NA,NA,NA,NA,NA,NA,NA,NA,NA,NA,NA,NA,NA,NA,NA,NA,NA,NA,NA,NA,NA,NA,NA,NA,NA,NA,NA,NA,NA
"122","Helen_2016_DOC&DOM.xlsx","Combined Needs Verification","Moose Jaw Creek at TWP RD 184","Moose Jaw Creek at TWP RD 184",2016-04-18,NA,NA,NA,NA,NA,NA,NA,46,NA,"MJR-1","MJR-1180516 15:30","20160713_MJR_1_20160518",NA,NA,NA,NA,NA,NA,12.81,2.27029327958254,29.0824569114523,NA,19.7327087391342,4.90700956358908,0.932618562202407,0.0201959339997335,0.0186706686549665,1.08169312909751,0.767703785819108,1.61709695494765,6.16771439354654,0.860485512522604,2.1711972988438,0.404335037224793,1.29373136039606,0.528102412825501,0.135426718133968,1.40630640480702,0.884759801908781,0.0542490536066419,0.623094496232742,28.9446562006062,5.39026952942654,17.2469860120715,7.0402366409007,1.80540008908979,18.7477459655674,11.7949061101004,0.723204752828624,8.30659469940881,NA,NA,NA,NA,NA,NA,NA,NA,NA,NA,NA,NA,NA,NA,NA,NA,NA,NA,NA,NA,NA,NA,NA,NA,NA,NA,NA,NA,NA,NA,NA
"123","Helen_2016_DOC&DOM.xlsx","Combined Needs Verification","Qu'Appelle River at Hwy 19","Qu’Appelle R @ Hwy#19",2016-04-18,NA,NA,NA,NA,NA,NA,NA,42,NA,"QAR-1","QAR-1 180516 10:46","20160713_QAR_1_20160518",NA,NA,NA,NA,NA,NA,3.541,2.11661489637599,7.49493334806739,NA,4.96092423636769,1.10708548631734,0.220415959121243,0.0229548601014942,0.0193362830914846,1.18713922385648,0.804555646411957,1.51809583565823,4.40351228544135,0.814935185269349,0.864623028798556,0.123359898933964,0.268329917898499,0.110716456668739,0.0345184076890284,0.474901726093932,0.214290528963331,0.0108605848978487,0.153773086485061,38.3361326404238,5.46959922477792,11.8973598682016,4.90900730949581,1.53049619501995,21.056454612366,9.50133164199912,0.481542602184744,6.81807590553099,NA,NA,NA,NA,NA,NA,NA,NA,NA,NA,NA,NA,NA,NA,NA,NA,NA,NA,NA,NA,NA,NA,NA,NA,NA,NA,NA,NA,NA,NA,NA
"124","Helen_2016_DOC&DOM.xlsx","Combined Needs Verification","Qu'Appelle River at Marquis","Qu’Appelle R @ Marquis",2016-04-18,NA,NA,NA,NA,NA,NA,NA,43,NA,"QAR-2","QAR-2 180516 13:35","20160713_QAR_2_20160519",NA,NA,NA,NA,NA,NA,5.109,2.37542774969428,12.1360603731881,NA,8.10225624966821,1.97170427368673,0.35767435859097,0.020945254487816,0.0194361358252647,1.07764499466965,0.736266809469644,1.53444990141735,6.16952668246903,0.860520778527095,1.16259475225229,0.151480344334582,0.522341105400495,0.229514768489993,0.0705226055935213,0.677558589161593,0.330052348882862,0.0188918854397107,0.218490031871003,34.3815812501868,4.47974993561257,15.4472683803602,6.78747314631272,2.0855751236544,20.0375372759002,9.7606854219385,0.558692435998268,6.46143703003628,NA,NA,NA,NA,NA,NA,NA,NA,NA,NA,NA,NA,NA,NA,NA,NA,NA,NA,NA,NA,NA,NA,NA,NA,NA,NA,NA,NA,NA,NA,NA
"125","Helen_2016_DOC&DOM.xlsx","Combined Needs Verification","Ridge Creek 1","Ridge Creek 1",2016-04-18,NA,NA,NA,NA,NA,NA,NA,44,NA,"Ridge Creek 1 (RC-1)","Ridge Creek (RC-1)","20160713_RidgeCreek",NA,NA,NA,NA,NA,NA,12.22,2.43369770642748,29.7397859725438,NA,20.6405650552545,5.6089597077092,1.14546135946231,0.018334705448773,0.0183593972529432,0.998655086339162,0.718245627182557,1.59880736129906,8.09536059796138,0.890053836873258,2.2862682399119,0.297842540347501,1.45103402993718,0.622466898440167,0.165269088656131,1.4826005844083,0.813835554686056,0.0463954351330908,0.50939236274923,29.7881047759993,3.88063160907272,18.9057228555888,8.11020722180943,2.15331379021057,19.3170078551299,10.6035758841473,0.60449253449186,6.63694347355,NA,NA,NA,NA,NA,NA,NA,NA,NA,NA,NA,NA,NA,NA,NA,NA,NA,NA,NA,NA,NA,NA,NA,NA,NA,NA,NA,NA,NA,NA,NA
"126","BuffalloPound_DOM_AllData.xlsx","BP WSA Spatiotemporal","1.5 km below Qu'Appelle R. Inflow Centre","Buffalo Pound Lake 1.5 km below Qu’Appelle R. Inflow",2016-04-19,NA,NA,NA,NA,NA,NA,NA,NA,NA,NA,NA,NA,NA,NA,NA,NA,NA,NA,6.339,NA,14.2154271129588,2.24253464473242,9.5953790110735,2.40355844573247,0.503949628048978,0.0210436283487034,0.0177659501247733,1.18449214373058,0.73302842795909,1.53851578909945,5.55370431516233,0.84741453811298,1.23960492502045,0.19418178418619,0.565094654261862,0.237252919344869,0.0684257587894277,0.725863336870534,0.391652082744177,0.0202703629102652,0.303586833657691,33.0920237565959,5.18380339226352,15.0855529419991,6.33361410947331,1.82666815024592,19.3773728249469,10.4553957191456,0.541129933773254,8.10443917155645,0.488871248083987,0.39929765986005,0.293514502672932,0.233693075003799,0.187569898454207,0.277522429957335,1.88046881403231,25.9973068649671,21.2339421361544,15.6085812475425,12.427383706656,9.97463489181716,14.7581511528628,NA,NA,NA,NA,NA,NA,NA,NA,NA,NA,NA,NA,NA,NA,NA,NA,NA,NA
"127","BuffalloPound_DOM_AllData.xlsx","BP WSA Spatiotemporal","Opposite Sun Valley (1 m)","Buffalo Pound Lake Opp Sun Valley (1m)",2016-04-19,NA,NA,NA,NA,NA,NA,NA,NA,NA,NA,NA,NA,NA,NA,NA,NA,NA,NA,6.972,NA,12.9987357254438,1.86441992619676,8.37325314346506,1.83550638204605,0.372356778258757,0.0235722454918973,0.018659272774754,1.26329926018288,0.782987695814971,1.57953603451342,4.55742007435842,0.820060390141473,1.1031912243864,0.249818438130377,0.460583166163567,0.183219299971586,0.0505119832194012,0.645880330019514,0.336946027618801,0.0129635177870382,0.274868078884557,33.2488603730186,7.52922810152196,13.8814242204047,5.5220099541544,1.52237059188017,19.4660584999145,10.1551491508392,0.390704878099545,8.28419423016684,0.398031229688124,0.333128584536586,0.223102670271842,0.186804539386729,0.163202957114757,0.272243469477454,1.57651345047549,25.2475631951046,21.1307162927225,14.1516502890954,11.8492195122336,10.3521449224257,17.2687057884183,NA,NA,NA,NA,NA,NA,NA,NA,NA,NA,NA,NA,NA,NA,NA,NA,NA,NA
"128","BuffalloPound_DOM_AllData.xlsx","BP WSA Spatiotemporal","Opposite Sun Valley (3 m)","Buffalo Pound Lake Opp Sun Valley (3m)",2016-04-19,NA,NA,NA,NA,NA,NA,NA,NA,NA,NA,NA,NA,NA,NA,NA,NA,NA,NA,6.308,NA,12.8652363725639,2.03951115608178,8.3877561038637,1.85848371545265,0.342664037210075,0.0229284653633913,0.0192469099770198,1.1912803349092,0.780230348267477,1.56583141549668,4.79579312089006,0.827461060265307,1.10706011121136,0.176845346155402,0.475733997039422,0.188390084833415,0.0540840331044786,0.656443150024422,0.341193780496009,0.0130650557130187,0.262208673026841,33.8031120664116,5.39981794482079,14.5261214389968,5.75232644129556,1.65140863944032,20.0439173453945,10.4180536193732,0.398930047202075,8.00631245706509,0.412077926016478,0.334982725160133,0.230042040801315,0.187519946010416,0.175610924763171,0.246671936931673,1.58690549968319,25.9673891166643,21.1091791683254,14.4962658990873,11.8167052825674,11.0662496789022,15.5442108544535,NA,NA,NA,NA,NA,NA,NA,NA,NA,NA,NA,NA,NA,NA,NA,NA,NA,NA
"129","BuffalloPound_DOM_AllData.xlsx","BP WSA Spatiotemporal","Opposite Parkview","Buffalo Pound Lake Opp Parkview",2016-04-19,NA,NA,NA,NA,NA,NA,NA,NA,NA,NA,NA,NA,NA,NA,NA,NA,NA,NA,6.891,NA,13.0192281353561,1.88930897335018,8.49040416346127,1.84942807635937,0.337171813920126,0.0236570165532183,0.0198294609381024,1.1930236846611,0.777105912886528,1.56304306543799,4.37869000909181,0.814081124156689,1.12173386538737,0.341811478987176,0.480188864129819,0.18675568488156,0.0533054382926973,0.660936800805641,0.343620170801347,0.0142273078631274,0.277369322918975,32.2342047725446,9.82231307019878,13.7987330626868,5.36662141944886,1.53178794581875,18.9927155061173,9.87428773558724,0.408836685040004,7.97049980255768,NA,NA,NA,NA,NA,NA,NA,NA,NA,NA,NA,NA,NA,NA,NA,NA,NA,NA,NA,NA,NA,NA,NA,NA,NA,NA,NA,NA,NA,NA,NA
"130","BuffalloPound_DOM_AllData.xlsx","BP WSA Spatiotemporal","Opposite WTP Intake","Buffalo Pound Lake Opp Treatment Plant Intake",2016-04-19,NA,NA,NA,NA,NA,NA,NA,NA,NA,NA,NA,NA,NA,NA,NA,NA,NA,NA,6.512,NA,12.8126161562328,1.96753933603084,8.25661401027091,1.74447682511569,0.321993666346628,0.0237921125594748,0.0194965470985337,1.22032442151073,0.796535836482136,1.56413253095113,5.02287205289885,0.833966255431461,1.11539774601599,0.169488166084522,0.471426930788763,0.186423950344805,0.0523522060775119,0.653777423218781,0.345762444950209,0.015701742821658,0.270084029084037,34.0017305319875,5.1666689951192,14.3709555837417,5.68293861716464,1.59590209874525,19.9297191083471,10.5402055215464,0.478651162969922,8.23322838037835,0.404392639555486,0.345367513663391,0.227199377160184,0.188182988982892,0.184620881965463,0.243539443865884,1.5933028451933,25.3807768419836,21.6762001464631,14.2596479913158,11.8108738430114,11.5873063631581,15.285194814068,NA,NA,NA,NA,NA,NA,NA,NA,NA,NA,NA,NA,NA,NA,NA,NA,NA,NA
"131","BuffalloPound_DOM_AllData.xlsx","BP WSA Spatiotemporal","0.5 mi Above Outlet","Buffalo Pound Lake 0.5 mi above Outlet",2016-04-19,NA,NA,NA,NA,NA,NA,NA,NA,NA,NA,NA,NA,NA,NA,NA,NA,NA,NA,6.639,NA,12.8456079685825,1.93487090956206,8.32552027362419,1.80020722970596,0.346175612483229,0.023536976897896,0.0192745193827621,1.22114468488102,0.779655281503768,1.5706751156994,5.49188270505393,0.845961480600766,1.12193043675503,0.163000846112716,0.480226429827097,0.187585220332485,0.0535282359795734,0.657254270944011,0.341343579926588,0.0157064564000867,0.241265603585811,34.395619200492,4.99720379141041,14.7225575394129,5.75090005121711,1.6410436520045,20.1497943907045,10.4647520087301,0.481521202766398,7.39660816326205,0.413081056414708,0.349735604815529,0.231685105441447,0.189224109817277,0.179974274897809,0.22074090546644,1.58444105685321,26.0710901568727,22.0731218307435,14.6225133739962,11.9426411603526,11.3588494895006,13.9317839885344,NA,NA,NA,NA,NA,NA,NA,NA,NA,NA,NA,NA,NA,NA,NA,NA,NA,NA
"132","BuffalloPound_DOM_AllData.xlsx","BP WSA Spatiotemporal","1.5 km below Qu'Appelle R. Inflow East","Buffalo Pound Lake 1.5 km below Qu’Appelle R. Inflow- EAST",2016-04-19,NA,NA,NA,NA,NA,NA,NA,NA,NA,NA,NA,NA,NA,NA,NA,NA,NA,NA,6.155,NA,14.0267049263223,2.27891225447966,9.35490475789489,2.21617692672803,0.400061443298175,0.0212133498680757,0.0196108508818343,1.0817149136413,0.742362292863117,1.51768528749187,5.69956360365811,0.850736546563424,1.21735850331526,0.187766526696124,0.555507913314616,0.230127850607838,0.0666147675474674,0.711018067000297,0.367449374680958,0.0174348413702327,0.264469206416423,33.6496301751073,5.19015077759122,15.3550788789632,6.36108183814171,1.84133292375953,19.6536147217297,10.1568564497771,0.481925384077314,7.31032885085297,0.475386254495969,0.394950299109442,0.285947665847147,0.225713672713664,0.181927423110805,0.24713103051331,1.81105634579034,26.2491145347834,21.8077311634988,15.7889988631116,12.4630949908499,10.0453761990168,13.6456842487396,NA,NA,NA,NA,NA,NA,NA,NA,NA,NA,NA,NA,NA,NA,NA,NA,NA,NA
"133","BuffalloPound_DOM_AllData.xlsx","BP WSA Spatiotemporal","1.5 km below Qu'Appelle R. Inflow West","Buffalo Pound Lake 1.5 km below Qu’Appelle R. Inflow- WEST",2016-04-19,NA,NA,NA,NA,NA,NA,NA,NA,NA,NA,NA,NA,NA,NA,NA,NA,NA,NA,6.198,NA,13.6213186799219,2.19769581799321,9.08854066729429,2.17205314565243,0.414045644766765,0.0212858602963612,0.0188241605428883,1.13077341472223,0.747816192173834,1.539773296393,6.6822706512772,0.869830152386814,1.20365524476742,0.141967286480263,0.537713194786872,0.223704940725139,0.0647684815368405,0.702896345179784,0.354737459612499,0.0161016024854576,0.235524097778428,34.5771762820061,4.07826735458178,15.4467851206838,6.42632946953469,1.8605919039965,20.1919702015301,10.190475826176,0.462547685462904,6.76585615602809,0.459257282818545,0.392838955848928,0.276770100790803,0.220592464370486,0.185236322868907,0.205096481976024,1.73979160867369,26.3972581847692,22.5796557409771,15.9082328832357,12.6792463689747,10.6470408263504,11.7885659956928,NA,NA,NA,NA,NA,NA,NA,NA,NA,NA,NA,NA,NA,NA,NA,NA,NA,NA
"134","BuffalloPound_DOM_AllData.xlsx","BP WSA Spatiotemporal","Upstream of Causeway Centre","Buffalo Pound Lake Upstream of Causeway",2016-04-19,NA,NA,NA,NA,NA,NA,NA,NA,NA,NA,NA,NA,NA,NA,NA,NA,NA,NA,6.368,NA,14.4017205885433,2.26157672558783,9.68415097486046,2.32731426965177,0.436991441945718,0.0211194261796856,0.0191651850805905,1.10196828733339,0.742917923826643,1.54169431515935,6.38255414740249,0.86454552448466,1.24295901042881,0.168196252561968,0.576183151285347,0.236705951639166,0.0658324567526553,0.73135573063108,0.376041630524337,0.0198580776806457,0.261979007873429,33.7842190524218,4.571654409094,15.6609330106737,6.43378072333268,1.78935759025834,19.87859776676,10.2209909674183,0.539752027777241,7.1207144522639,0.493998391932087,0.41174120033535,0.290268226480973,0.231019623281474,0.193244518226737,0.23290870846741,1.85318066872403,26.6567852918636,22.2180819865149,15.6632448945645,12.4661144582593,10.4277214568502,12.5680519119474,NA,NA,NA,NA,NA,NA,NA,NA,NA,NA,NA,NA,NA,NA,NA,NA,NA,NA
"135","BuffalloPound_DOM_AllData.xlsx","BP WSA Spatiotemporal","Upstream of Causeway East","Buffalo Pound Lake Upstream of Causeway - EAST",2016-04-19,NA,NA,NA,NA,NA,NA,NA,NA,NA,NA,NA,NA,NA,NA,NA,NA,NA,NA,5.592,NA,12.3614488130235,2.2105595159198,8.30307200912296,1.94043359770038,0.371328767721592,0.0215813262980197,0.0191424428405485,1.1274071171473,0.757795019503485,1.5585227890028,5.2426492152961,0.839811598327559,1.12014362609795,0.178942618484221,0.476936646546323,0.194689112669379,0.0562267834245766,0.650195688624014,0.339176201344857,0.0175065225988029,0.263624745284835,33.9700787688163,5.42671020338929,14.4638375592533,5.90424686506356,1.70516371057136,19.7181845641026,10.2860401182028,0.530912231069013,7.99482597953191,0.405843511831457,0.35232723609592,0.240011514189048,0.191587227191855,0.164358991991594,0.246003232726271,1.60013171402615,25.3631315643573,22.0186396536956,14.9994848602273,11.9732160491836,10.2715914290608,15.3739364434753,NA,NA,NA,NA,NA,NA,NA,NA,NA,NA,NA,NA,NA,NA,NA,NA,NA,NA
"136","BuffalloPound_DOM_AllData.xlsx","BP WSA Spatiotemporal","Upstream of Causeway West","Buffalo Pound Lake Upstream of Causeway - WEST",2016-04-19,NA,NA,NA,NA,NA,NA,NA,NA,NA,NA,NA,NA,NA,NA,NA,NA,NA,NA,6.367,NA,13.6134853154904,2.13813182275646,9.06513029148102,2.15900389814067,0.403284733342012,0.021427495046193,0.018982944235849,1.12877616769939,0.744233288019918,1.5540044898056,6.32586939182651,0.86349742992747,1.19225498043519,0.145571851941136,0.53319743704762,0.220229118163107,0.0614002380771161,0.695867234748743,0.345514650255071,0.018850470175522,0.221149861482442,34.718769260942,4.23908947445747,15.5268454241431,6.4131281173216,1.78799060045711,20.2638314420567,10.0614747812605,0.548930501632568,6.439940397729,0.456722104619873,0.394278747382604,0.270780759047903,0.215388787636608,0.181041915960683,0.200098393625858,1.71831070827353,26.5797159047425,22.9457190416252,15.758544583591,12.5349150534608,10.5360407223781,11.6450646942023,NA,NA,NA,NA,NA,NA,NA,NA,NA,NA,NA,NA,NA,NA,NA,NA,NA,NA
"137","BuffalloPound_DOM_AllData.xlsx","BP WSA Spatiotemporal","0.5 mi Below Causeway","Buffalo Pound Lake 0.5 mi Below Causeway",2016-04-19,NA,NA,NA,NA,NA,NA,NA,NA,NA,NA,NA,NA,NA,NA,NA,NA,NA,NA,6.242,NA,12.2609566969307,1.96426733369604,8.06209780808082,1.83028986477405,0.352600087184831,0.0227709032436946,0.019221574350518,1.18465339146795,0.764105999907861,1.55376793369612,4.34531522134048,0.812920294016033,1.07164309172423,0.379901978174083,0.446215873856403,0.184764903194233,0.0529533804809898,0.631199718235591,0.31674008203532,0.0142008073328976,0.26584903906801,31.8612459885011,11.2949455575247,13.2665379273227,5.49328416911769,1.57436808435254,18.7663314828254,9.41706594861557,0.422207187414215,7.90401365432606,NA,NA,NA,NA,NA,NA,NA,NA,NA,NA,NA,NA,NA,NA,NA,NA,NA,NA,NA,NA,NA,NA,NA,NA,NA,NA,NA,NA,NA,NA,NA
"138","BuffalloPound_DOM_AllData.xlsx","BP WSA Spatiotemporal","0.5 mi Below Causeway West","Buffalo Pound Lake 0.5 mi ds Causeway - WEST",2016-04-19,NA,NA,NA,NA,NA,NA,NA,NA,NA,NA,NA,NA,NA,NA,NA,NA,NA,NA,5.915,NA,12.3444638041208,2.08697612918357,8.18768223904864,1.99945331107375,0.469022680518478,0.0218503423841875,0.017159503537199,1.27336681605149,0.754274556057018,1.54537191758476,5.46946081730244,0.845427613175194,1.08440905448331,0.170627523246046,0.461172892466616,0.18465138470644,0.0540565816117486,0.633214644205539,0.328843483117567,0.0149932812790486,0.244119231290237,34.1429150702338,5.37225414224328,14.520154396612,5.81379924814163,1.70198622680856,19.9369359089677,10.3537268238991,0.47206755349216,7.68616062960178,0.394297719087908,0.332018401792747,0.231295610581939,0.184000805113073,0.159847026316738,0.232267751050478,1.53372731394288,25.708463004043,21.6478117573064,15.0806214689707,11.9969699594152,10.4221281621311,15.1440056481336,NA,NA,NA,NA,NA,NA,NA,NA,NA,NA,NA,NA,NA,NA,NA,NA,NA,NA
"139","BuffalloPound_DOM_AllData.xlsx","BP WSA Spatiotemporal","Opposite South Lake","Buffalo Pound Lake Opp South Lake",2016-04-19,NA,NA,NA,NA,NA,NA,NA,NA,NA,NA,NA,NA,NA,NA,NA,NA,NA,NA,6.249,NA,12.2268228873111,1.95660471872477,7.95391052410619,1.73088169484167,0.319508374992854,0.0231208564901447,0.0196527223331397,1.17647092846556,0.781145497385054,1.56179509672706,5.94558550403415,0.856023657124489,1.07007059367617,0.133854079371671,0.454588856111721,0.182278492465396,0.0517960924860006,0.628827751284432,0.308670667275381,0.0138688635666724,0.208462869264395,35.0564863855656,4.38518144398748,14.8927445903939,5.97160928190908,1.69688712295413,20.6009693491678,10.1123319423144,0.454356590753537,6.82943329295411,0.387385269287444,0.330497263862068,0.223835521180161,0.184087868480921,0.169842521428977,0.187212825236531,1.4828612694761,26.1241747465903,22.2878074075556,15.0948389972612,12.4143689143597,11.4537027114467,12.6251072227865,NA,NA,NA,NA,NA,NA,NA,NA,NA,NA,NA,NA,NA,NA,NA,NA,NA,NA
"140","Helen_2016_DOC&DOM.xlsx","Combined Needs Verification","1.5 km below Qu'Appelle R. Inflow Centre","Buffalo Pound Lake 1.5 km below Qu’Appelle R. Inflow",2016-04-19,NA,NA,NA,NA,NA,NA,NA,51,NA,"BPL-1","BPL-1 190516 15:50","20160713_BPL_1_20160519",NA,NA,NA,NA,NA,NA,6.339,2.24253464473242,14.2154271129588,NA,9.5953790110735,2.40355844573247,0.503949628048978,0.0210436283487034,0.0177659501247733,1.18449214373058,0.73302842795909,1.53851578909945,5.55370431516233,0.84741453811298,1.23960492502045,0.19418178418619,0.565094654261862,0.237252919344869,0.0684257587894277,0.725863336870534,0.391652082744177,0.0202703629102652,0.303586833657691,33.0920237565959,5.18380339226352,15.0855529419991,6.33361410947331,1.82666815024592,19.3773728249469,10.4553957191456,0.541129933773254,8.10443917155645,NA,NA,NA,NA,NA,NA,NA,NA,NA,NA,NA,NA,NA,NA,NA,NA,NA,NA,NA,NA,NA,NA,NA,NA,NA,NA,NA,NA,NA,NA,NA
"141","Helen_2016_DOC&DOM.xlsx","Combined Needs Verification","Opposite Sun Valley (1 m)","Buffalo Pound Lake Opp Sun Valley (1m)",2016-04-19,NA,NA,NA,NA,NA,NA,NA,60,NA,"BPL-10A","BPL-10A 190516 11:50 1M","20160713_BPL_10a_20160519",NA,NA,NA,NA,NA,NA,6.972,1.86441992619676,12.9987357254438,NA,8.37325314346506,1.83550638204605,0.372356778258757,0.0235722454918973,0.018659272774754,1.26329926018288,0.782987695814971,1.57953603451342,4.55742007435842,0.820060390141473,1.1031912243864,0.249818438130377,0.460583166163567,0.183219299971586,0.0505119832194012,0.645880330019514,0.336946027618801,0.0129635177870382,0.274868078884557,33.2488603730186,7.52922810152196,13.8814242204047,5.5220099541544,1.52237059188017,19.4660584999145,10.1551491508392,0.390704878099545,8.28419423016684,NA,NA,NA,NA,NA,NA,NA,NA,NA,NA,NA,NA,NA,NA,NA,NA,NA,NA,NA,NA,NA,NA,NA,NA,NA,NA,NA,NA,NA,NA,NA
"142","Helen_2016_DOC&DOM.xlsx","Combined Needs Verification","Opposite Sun Valley (3 m)","Buffalo Pound Lake Opp Sun Valley (3m)",2016-04-19,NA,NA,NA,NA,NA,NA,NA,61,NA,"BPL-10B","BPL-10B 190516 12:00 3M","20160713_BPL_10b_20160519",NA,NA,NA,NA,NA,NA,6.308,2.03951115608178,12.8652363725639,NA,8.3877561038637,1.85848371545265,0.342664037210075,0.0229284653633913,0.0192469099770198,1.1912803349092,0.780230348267477,1.56583141549668,4.79579312089006,0.827461060265307,1.10706011121136,0.176845346155402,0.475733997039422,0.188390084833415,0.0540840331044786,0.656443150024422,0.341193780496009,0.0130650557130187,0.262208673026841,33.8031120664116,5.39981794482079,14.5261214389968,5.75232644129556,1.65140863944032,20.0439173453945,10.4180536193732,0.398930047202075,8.00631245706509,NA,NA,NA,NA,NA,NA,NA,NA,NA,NA,NA,NA,NA,NA,NA,NA,NA,NA,NA,NA,NA,NA,NA,NA,NA,NA,NA,NA,NA,NA,NA
"143","Helen_2016_DOC&DOM.xlsx","Combined Needs Verification","Opposite Parkview","Buffalo Pound Lake Opp Parkview",2016-04-19,NA,NA,NA,NA,NA,NA,NA,62,NA,"BPL-11","BPL-11 190516 11:05","20160713_BPL_11_20160519",NA,NA,NA,NA,NA,NA,6.891,1.88930897335018,13.0192281353561,NA,8.49040416346127,1.84942807635937,0.337171813920126,0.0236570165532183,0.0198294609381024,1.1930236846611,0.777105912886528,1.56304306543799,4.37869000909181,0.814081124156689,1.12173386538737,0.341811478987176,0.480188864129819,0.18675568488156,0.0533054382926973,0.660936800805641,0.343620170801347,0.0142273078631274,0.277369322918975,32.2342047725446,9.82231307019878,13.7987330626868,5.36662141944886,1.53178794581875,18.9927155061173,9.87428773558724,0.408836685040004,7.97049980255768,NA,NA,NA,NA,NA,NA,NA,NA,NA,NA,NA,NA,NA,NA,NA,NA,NA,NA,NA,NA,NA,NA,NA,NA,NA,NA,NA,NA,NA,NA,NA
"144","Helen_2016_DOC&DOM.xlsx","Combined Needs Verification","Opposite WTP Intake","Buffalo Pound Lake Opp Treatment Plant Intake",2016-04-19,NA,NA,NA,NA,NA,NA,NA,63,NA,"BPL-12","BPL-12 190516 9:30","20160713_BPL_12_20160519",NA,NA,NA,NA,NA,NA,6.512,1.96753933603084,12.8126161562328,NA,8.25661401027091,1.74447682511569,0.321993666346628,0.0237921125594748,0.0194965470985337,1.22032442151073,0.796535836482136,1.56413253095113,5.02287205289885,0.833966255431461,1.11539774601599,0.169488166084522,0.471426930788763,0.186423950344805,0.0523522060775119,0.653777423218781,0.345762444950209,0.015701742821658,0.270084029084037,34.0017305319875,5.1666689951192,14.3709555837417,5.68293861716464,1.59590209874525,19.9297191083471,10.5402055215464,0.478651162969922,8.23322838037835,NA,NA,NA,NA,NA,NA,NA,NA,NA,NA,NA,NA,NA,NA,NA,NA,NA,NA,NA,NA,NA,NA,NA,NA,NA,NA,NA,NA,NA,NA,NA
"145","Helen_2016_DOC&DOM.xlsx","Combined Needs Verification","0.5 mi Above Outlet","Buffalo Pound Lake 0.5 mi above Outlet",2016-04-19,NA,NA,NA,NA,NA,NA,NA,64,NA,"BPL-13","BPL-13 190516 10:15","20160713_BPL_13_20160519",NA,NA,NA,NA,NA,NA,6.639,1.93487090956206,12.8456079685825,NA,8.32552027362419,1.80020722970596,0.346175612483229,0.023536976897896,0.0192745193827621,1.22114468488102,0.779655281503768,1.5706751156994,5.49188270505393,0.845961480600766,1.12193043675503,0.163000846112716,0.480226429827097,0.187585220332485,0.0535282359795734,0.657254270944011,0.341343579926588,0.0157064564000867,0.241265603585811,34.395619200492,4.99720379141041,14.7225575394129,5.75090005121711,1.6410436520045,20.1497943907045,10.4647520087301,0.481521202766398,7.39660816326205,NA,NA,NA,NA,NA,NA,NA,NA,NA,NA,NA,NA,NA,NA,NA,NA,NA,NA,NA,NA,NA,NA,NA,NA,NA,NA,NA,NA,NA,NA,NA
"146","Helen_2016_DOC&DOM.xlsx","Combined Needs Verification","1.5 km below Qu'Appelle R. Inflow East","Buffalo Pound Lake 1.5 km below Qu’Appelle R. Inflow- EAST",2016-04-19,NA,NA,NA,NA,NA,NA,NA,52,NA,"BPL-2","BPL-2 190516 16:10","20160713_BPL_2_20160519",NA,NA,NA,NA,NA,NA,6.155,2.27891225447966,14.0267049263223,NA,9.35490475789489,2.21617692672803,0.400061443298175,0.0212133498680757,0.0196108508818343,1.0817149136413,0.742362292863117,1.51768528749187,5.69956360365811,0.850736546563424,1.21735850331526,0.187766526696124,0.555507913314616,0.230127850607838,0.0666147675474674,0.711018067000297,0.367449374680958,0.0174348413702327,0.264469206416423,33.6496301751073,5.19015077759122,15.3550788789632,6.36108183814171,1.84133292375953,19.6536147217297,10.1568564497771,0.481925384077314,7.31032885085297,NA,NA,NA,NA,NA,NA,NA,NA,NA,NA,NA,NA,NA,NA,NA,NA,NA,NA,NA,NA,NA,NA,NA,NA,NA,NA,NA,NA,NA,NA,NA
"147","Helen_2016_DOC&DOM.xlsx","Combined Needs Verification","1.5 km below Qu'Appelle R. Inflow West","Buffalo Pound Lake 1.5 km below Qu’Appelle R. Inflow- WEST",2016-04-19,NA,NA,NA,NA,NA,NA,NA,53,NA,"BPL-3","BPL-3 190516 15:30","20160713_BPL_3_20160519",NA,NA,NA,NA,NA,NA,6.198,2.19769581799321,13.6213186799219,NA,9.08854066729429,2.17205314565243,0.414045644766765,0.0212858602963612,0.0188241605428883,1.13077341472223,0.747816192173834,1.539773296393,6.6822706512772,0.869830152386814,1.20365524476742,0.141967286480263,0.537713194786872,0.223704940725139,0.0647684815368405,0.702896345179784,0.354737459612499,0.0161016024854576,0.235524097778428,34.5771762820061,4.07826735458178,15.4467851206838,6.42632946953469,1.8605919039965,20.1919702015301,10.190475826176,0.462547685462904,6.76585615602809,NA,NA,NA,NA,NA,NA,NA,NA,NA,NA,NA,NA,NA,NA,NA,NA,NA,NA,NA,NA,NA,NA,NA,NA,NA,NA,NA,NA,NA,NA,NA
"148","Helen_2016_DOC&DOM.xlsx","Combined Needs Verification","Upstream of Causeway Centre","Buffalo Pound Lake Upstream of Causeway",2016-04-19,NA,NA,NA,NA,NA,NA,NA,54,NA,"BPL-4","BPL-4 190516 14:40","20160713_BPL_4_20160519",NA,NA,NA,NA,NA,NA,6.368,2.26157672558783,14.4017205885433,NA,9.68415097486046,2.32731426965177,0.436991441945718,0.0211194261796856,0.0191651850805905,1.10196828733339,0.742917923826643,1.54169431515935,6.38255414740249,0.86454552448466,1.24295901042881,0.168196252561968,0.576183151285347,0.236705951639166,0.0658324567526553,0.73135573063108,0.376041630524337,0.0198580776806457,0.261979007873429,33.7842190524218,4.571654409094,15.6609330106737,6.43378072333268,1.78935759025834,19.87859776676,10.2209909674183,0.539752027777241,7.1207144522639,NA,NA,NA,NA,NA,NA,NA,NA,NA,NA,NA,NA,NA,NA,NA,NA,NA,NA,NA,NA,NA,NA,NA,NA,NA,NA,NA,NA,NA,NA,NA
"149","Helen_2016_DOC&DOM.xlsx","Combined Needs Verification","Upstream of Causeway East","Buffalo Pound Lake Upstream of Causeway - EAST",2016-04-19,NA,NA,NA,NA,NA,NA,NA,55,NA,"BPL-5","BPL-5 190516 15:10","20160713_BPL_5_20160519",NA,NA,NA,NA,NA,NA,5.592,2.2105595159198,12.3614488130235,NA,8.30307200912296,1.94043359770038,0.371328767721592,0.0215813262980197,0.0191424428405485,1.1274071171473,0.757795019503485,1.5585227890028,5.2426492152961,0.839811598327559,1.12014362609795,0.178942618484221,0.476936646546323,0.194689112669379,0.0562267834245766,0.650195688624014,0.339176201344857,0.0175065225988029,0.263624745284835,33.9700787688163,5.42671020338929,14.4638375592533,5.90424686506356,1.70516371057136,19.7181845641026,10.2860401182028,0.530912231069013,7.99482597953191,NA,NA,NA,NA,NA,NA,NA,NA,NA,NA,NA,NA,NA,NA,NA,NA,NA,NA,NA,NA,NA,NA,NA,NA,NA,NA,NA,NA,NA,NA,NA
"150","Helen_2016_DOC&DOM.xlsx","Combined Needs Verification","Upstream of Causeway West","Buffalo Pound Lake Upstream of Causeway - WEST",2016-04-19,NA,NA,NA,NA,NA,NA,NA,56,NA,"BPL-6","BPL-6 190516 14:20","20160713_BPL_6_20160519",NA,NA,NA,NA,NA,NA,6.367,2.13813182275646,13.6134853154904,NA,9.06513029148102,2.15900389814067,0.403284733342012,0.021427495046193,0.018982944235849,1.12877616769939,0.744233288019918,1.5540044898056,6.32586939182651,0.86349742992747,1.19225498043519,0.145571851941136,0.53319743704762,0.220229118163107,0.0614002380771161,0.695867234748743,0.345514650255071,0.018850470175522,0.221149861482442,34.718769260942,4.23908947445747,15.5268454241431,6.4131281173216,1.78799060045711,20.2638314420567,10.0614747812605,0.548930501632568,6.439940397729,NA,NA,NA,NA,NA,NA,NA,NA,NA,NA,NA,NA,NA,NA,NA,NA,NA,NA,NA,NA,NA,NA,NA,NA,NA,NA,NA,NA,NA,NA,NA
"151","Helen_2016_DOC&DOM.xlsx","Combined Needs Verification","0.5 mi Below Causeway","Buffalo Pound Lake 0.5 mi Below Causeway",2016-04-19,NA,NA,NA,NA,NA,NA,NA,57,NA,"BPL-7","BPL-7 190516 13:40","20160713_BPL_7_20160519",NA,NA,NA,NA,NA,NA,6.242,1.96426733369604,12.2609566969307,NA,8.06209780808082,1.83028986477405,0.352600087184831,0.0227709032436946,0.019221574350518,1.18465339146795,0.764105999907861,1.55376793369612,4.34531522134048,0.812920294016033,1.07164309172423,0.379901978174083,0.446215873856403,0.184764903194233,0.0529533804809898,0.631199718235591,0.31674008203532,0.0142008073328976,0.26584903906801,31.8612459885011,11.2949455575247,13.2665379273227,5.49328416911769,1.57436808435254,18.7663314828254,9.41706594861557,0.422207187414215,7.90401365432606,NA,NA,NA,NA,NA,NA,NA,NA,NA,NA,NA,NA,NA,NA,NA,NA,NA,NA,NA,NA,NA,NA,NA,NA,NA,NA,NA,NA,NA,NA,NA
"152","Helen_2016_DOC&DOM.xlsx","Combined Needs Verification","0.5 mi Below Causeway West","Buffalo Pound Lake 0.5 mi ds Causeway - WEST",2016-04-19,NA,NA,NA,NA,NA,NA,NA,58,NA,"BPL-8","BPL-8 190516 14:00","20160713_BPL_8_20160519",NA,NA,NA,NA,NA,NA,5.915,2.08697612918357,12.3444638041208,NA,8.18768223904864,1.99945331107375,0.469022680518478,0.0218503423841875,0.017159503537199,1.27336681605149,0.754274556057018,1.54537191758476,5.46946081730244,0.845427613175194,1.08440905448331,0.170627523246046,0.461172892466616,0.18465138470644,0.0540565816117486,0.633214644205539,0.328843483117567,0.0149932812790486,0.244119231290237,34.1429150702338,5.37225414224328,14.520154396612,5.81379924814163,1.70198622680856,19.9369359089677,10.3537268238991,0.47206755349216,7.68616062960178,NA,NA,NA,NA,NA,NA,NA,NA,NA,NA,NA,NA,NA,NA,NA,NA,NA,NA,NA,NA,NA,NA,NA,NA,NA,NA,NA,NA,NA,NA,NA
"153","Helen_2016_DOC&DOM.xlsx","Combined Needs Verification","Opposite South Lake","Buffalo Pound Lake Opp South Lake",2016-04-19,NA,NA,NA,NA,NA,NA,NA,59,NA,"BPL-9","BPL-9 190516 12:40","20160713_BPL_9_20160519",NA,NA,NA,NA,NA,NA,6.249,1.95660471872477,12.2268228873111,NA,7.95391052410619,1.73088169484167,0.319508374992854,0.0231208564901447,0.0196527223331397,1.17647092846556,0.781145497385054,1.56179509672706,5.94558550403415,0.856023657124489,1.07007059367617,0.133854079371671,0.454588856111721,0.182278492465396,0.0517960924860006,0.628827751284432,0.308670667275381,0.0138688635666724,0.208462869264395,35.0564863855656,4.38518144398748,14.8927445903939,5.97160928190908,1.69688712295413,20.6009693491678,10.1123319423144,0.454356590753537,6.82943329295411,NA,NA,NA,NA,NA,NA,NA,NA,NA,NA,NA,NA,NA,NA,NA,NA,NA,NA,NA,NA,NA,NA,NA,NA,NA,NA,NA,NA,NA,NA,NA
"154","BuffalloPound_DOM_AllData.xlsx","BP WSA Spatiotemporal","Buffalo Pound Outlet","Buffalo Pound Outlet",2016-05-02,NA,NA,NA,NA,NA,NA,NA,NA,NA,NA,NA,NA,NA,NA,NA,NA,NA,NA,6.699,NA,12.7553693450136,1.90407065905562,8.33485851183335,1.79695404671254,0.350605566372875,0.0234307603467035,0.0194139053091933,1.20690607961336,0.784673219602544,1.55577568730369,5.13160511598948,0.836910567284856,1.1094001310627,0.18393816734426,0.471481433846044,0.186100760713602,0.0535303088119138,0.652318782615623,0.337948860071065,0.0138525493538716,0.253212024006983,34.0120763704908,5.63919078427395,14.4547148375394,5.70549174168047,1.6411364127952,19.9988404823563,10.3608627006803,0.424692546321004,7.76299412386253,0.405887768462064,0.340339919673376,0.228073495891839,0.186711051658325,0.175027262485236,0.237365254462769,1.57340475263361,25.7967803759762,21.630792655463,14.4955387677635,11.8666891876234,11.1241091773919,15.0860898357819,NA,NA,NA,NA,NA,NA,NA,NA,NA,NA,NA,NA,NA,NA,NA,NA,NA,NA
"155","BuffalloPound_DOM_AllData.xlsx","BP WSA Spatiotemporal","Iskwao Creek","Iskwao Creek",2016-05-02,NA,NA,NA,NA,NA,NA,NA,NA,NA,NA,NA,NA,NA,NA,NA,NA,NA,NA,22.49,NA,54.24373990133,2.41190484221121,37.6319653449846,10.1787942333858,1.88428355032506,0.0187745729496443,0.0188923205211126,0.993767437338539,0.687966829457866,1.56444567370433,9.72049721993252,0.906720744431451,4.02512205394456,0.400264448338312,2.49418365852846,1.01787008871369,0.263649658150284,2.60121841850106,1.31592123409376,0.0756513755047744,0.734755978629008,31.1333830518524,3.09595242706812,19.2919305804749,7.87298843221186,2.03926879450493,20.1198195581084,10.1783447304308,0.585145796928449,5.68316662842012,2.1913285556733,1.4937246229016,1.25689152897506,1.00295243153116,0.717175559289944,0.586796852992971,7.24886955136404,30.2299350284343,20.6063112643615,17.3391384693707,13.835984003084,9.89361933206525,8.09501190268423,NA,NA,NA,NA,NA,NA,NA,NA,NA,NA,NA,NA,NA,NA,NA,NA,NA,NA
"156","BuffalloPound_DOM_AllData.xlsx","BP WSA Spatiotemporal","Moose Jaw Creek at TWP RD 184","Moose Jaw Creek at TWP RD 184",2016-05-02,NA,NA,NA,NA,NA,NA,NA,NA,NA,NA,NA,NA,NA,NA,NA,NA,NA,NA,10.14,NA,20.4156373892349,2.01337646836636,13.8619434752714,3.53741782886035,0.807389967591799,0.0203092959727245,0.0171896200386128,1.18148603209984,0.836247537335851,1.64699783278944,4.7853918620876,0.827150861369802,1.81363460228962,0.406082995496185,1.00586204024502,0.42485920918366,0.110987561178793,1.17184176513512,0.799797592733741,0.0361890813999389,0.633624185455171,28.3252985556819,6.34219377557853,15.7095274647929,6.63544019785763,1.73340087489922,18.3017945376458,12.4912182253794,0.565200142197911,9.89592622596667,0.894980230600858,0.579806187995977,0.475788492690927,0.449795636348122,0.47217134329972,0.572365418147163,3.44490730908277,25.9798058496718,16.830821150609,13.81135833282,13.0568284134148,13.7063584281296,16.6148278253547,NA,NA,NA,NA,NA,NA,NA,NA,NA,NA,NA,NA,NA,NA,NA,NA,NA,NA
"157","BuffalloPound_DOM_AllData.xlsx","BP WSA Spatiotemporal","Qu'Appelle River at Hwy 19","Qu’Appelle R @ Hwy#19",2016-05-02,NA,NA,NA,NA,NA,NA,NA,NA,NA,NA,NA,NA,NA,NA,NA,NA,NA,NA,3.463,NA,7.59177061052017,2.19225255862552,4.9022233241224,1.02073506202558,0.162931089737261,0.0236875709201886,0.0218134802602622,1.08591433542773,0.79964365470182,1.51874883279167,4.44217714459018,0.816250009246014,0.863837837679321,0.104662804088417,0.271027571131254,0.108831235637994,0.0334017927138297,0.472994474893619,0.206852371628003,0.00934888081067002,0.151444407156909,38.8695690665544,4.70944651271944,12.1952575304273,4.89701081118865,1.50295950490525,21.2830355514031,9.307606352571,0.420665722795326,6.81444894743556,0.22412531263895,0.235979509037818,0.136930835905722,0.107530358359695,0.106079278654216,0.146395383306688,0.957040677903088,23.4185774767711,24.6572078372738,14.3077341504169,11.2357145147997,11.0840929861664,15.2966730345721,NA,NA,NA,NA,NA,NA,NA,NA,NA,NA,NA,NA,NA,NA,NA,NA,NA,NA
"158","BuffalloPound_DOM_AllData.xlsx","BP WSA Spatiotemporal","Qu'Appelle River at Marquis","Qu’Appelle R @ Marquis",2016-05-02,NA,NA,NA,NA,NA,NA,NA,NA,NA,NA,NA,NA,NA,NA,NA,NA,NA,NA,3.818,NA,8.82123031287611,2.310432245384,5.85309523740635,1.36105929447701,0.257504018565929,0.0215941713917532,0.019620218107144,1.10060812136897,0.753425743063006,1.52181250197872,5.65196383026657,0.849668454983177,0.971794436393911,0.121488577036909,0.368873560460739,0.160463906185712,0.0505886576592725,0.546239856383392,0.254430999442229,0.0128712384955728,0.171268932428128,36.5608376256199,4.57064166254767,13.8777562860246,6.0369709880192,1.90324581939572,20.5506287605252,9.57219974632672,0.484241566995879,6.44347754454512,0.317331181691071,0.273848218407113,0.197722891755413,0.159905266761814,0.132381629026423,0.162337074865746,1.24352626250758,25.5186553962415,22.0219087174641,15.9001782042547,12.8590180668452,10.6456641100184,13.0545755051761,NA,NA,NA,NA,NA,NA,NA,NA,NA,NA,NA,NA,NA,NA,NA,NA,NA,NA
"159","BuffalloPound_DOM_AllData.xlsx","BP WSA Spatiotemporal","Ridge Creek","Ridge Creek",2016-05-02,NA,NA,NA,NA,NA,NA,NA,NA,NA,NA,NA,NA,NA,NA,NA,NA,NA,NA,15.75,NA,35.7157435329424,2.26766625605983,24.2598238273873,6.0819757642377,1.10379600409118,0.0197565005472255,0.0194562996839442,1.01542949420794,0.728829101439702,1.60092839909418,9.50713498779454,0.90482657725806,2.88222600216727,0.277584227677565,1.77003434664436,0.728011316148203,0.190877664274213,1.82024833818614,0.96346884477666,0.0527860118663065,0.515453796184546,31.3261921717083,3.01699341187124,19.238059767628,7.91257256567952,2.07460150170202,19.783823058766,10.4717014419523,0.573717935532672,5.60233814515998,1.57249795431203,1.0440305763948,0.87736013875022,0.735789708756943,0.592917724631886,0.401837518349088,5.22443362119497,30.098917286126,19.9836126189695,16.7934019716676,14.0836263240463,11.348937849004,7.6915039501866,NA,NA,NA,NA,NA,NA,NA,NA,NA,NA,NA,NA,NA,NA,NA,NA,NA,NA
"160","Helen_2016_DOC&DOM.xlsx","Combined Needs Verification","0.5 mi Below Outlet","Buffalo Pound Outlet",2016-05-02,NA,NA,NA,NA,NA,NA,NA,88,NA,"BPL-14","BPL-14 190516 15:55","20160713_BPL_14_20160519",NA,NA,NA,NA,NA,NA,6.699,1.90407065905562,12.7553693450136,NA,8.33485851183335,1.79695404671254,0.350605566372875,0.0234307603467035,0.0194139053091933,1.20690607961336,0.784673219602544,1.55577568730369,5.13160511598948,0.836910567284856,1.1094001310627,0.18393816734426,0.471481433846044,0.186100760713602,0.0535303088119138,0.652318782615623,0.337948860071065,0.0138525493538716,0.253212024006983,34.0120763704908,5.63919078427395,14.4547148375394,5.70549174168047,1.6411364127952,19.9988404823563,10.3608627006803,0.424692546321004,7.76299412386253,NA,NA,NA,NA,NA,NA,NA,NA,NA,NA,NA,NA,NA,NA,NA,NA,NA,NA,NA,NA,NA,NA,NA,NA,NA,NA,NA,NA,NA,NA,NA
"161","Helen_2016_DOC&DOM.xlsx","Combined Needs Verification","Iskwao Creek","Iskwao Creek",2016-05-02,NA,NA,NA,NA,NA,NA,NA,92,NA,"Iskwao Creek 1","IskC-1 020516 Rep 1","20160715_Iskwao_Creek_1_92",NA,NA,NA,NA,NA,NA,22.49,2.41190484221121,54.24373990133,NA,37.6319653449846,10.1787942333858,1.88428355032506,0.0187745729496443,0.0188923205211126,0.993767437338539,0.687966829457866,1.56444567370433,9.72049721993252,0.906720744431451,4.02512205394456,0.400264448338312,2.49418365852846,1.01787008871369,0.263649658150284,2.60121841850106,1.31592123409376,0.0756513755047744,0.734755978629008,31.1333830518524,3.09595242706812,19.2919305804749,7.87298843221186,2.03926879450493,20.1198195581084,10.1783447304308,0.585145796928449,5.68316662842012,NA,NA,NA,NA,NA,NA,NA,NA,NA,NA,NA,NA,NA,NA,NA,NA,NA,NA,NA,NA,NA,NA,NA,NA,NA,NA,NA,NA,NA,NA,NA
"162","Helen_2016_DOC&DOM.xlsx","Combined Needs Verification","Moose Jaw Creek at TWP RD 184","Moose Jaw Creek at TWP RD 184",2016-05-02,NA,NA,NA,NA,NA,NA,NA,93,NA,"MJR-1","MJR-1 020516 Rep 1","20160713_MJR_1_93",NA,NA,NA,NA,NA,NA,10.14,2.01337646836636,20.4156373892349,NA,13.8619434752714,3.53741782886035,0.807389967591799,0.0203092959727245,0.0171896200386128,1.18148603209984,0.836247537335851,1.64699783278944,4.7853918620876,0.827150861369802,1.81363460228962,0.406082995496185,1.00586204024502,0.42485920918366,0.110987561178793,1.17184176513512,0.799797592733741,0.0361890813999389,0.633624185455171,28.3252985556819,6.34219377557853,15.7095274647929,6.63544019785763,1.73340087489922,18.3017945376458,12.4912182253794,0.565200142197911,9.89592622596667,NA,NA,NA,NA,NA,NA,NA,NA,NA,NA,NA,NA,NA,NA,NA,NA,NA,NA,NA,NA,NA,NA,NA,NA,NA,NA,NA,NA,NA,NA,NA
"163","Helen_2016_DOC&DOM.xlsx","Combined Needs Verification","Qu'Appelle River at Hwy 19","Qu’Appelle R @ Hwy#19",2016-05-02,NA,NA,NA,NA,NA,NA,NA,89,NA,"QAR-1","QAR-1 020516 09:30 Rep 1","20160713_QAR_1_88",NA,NA,NA,NA,NA,NA,3.463,2.19225255862552,7.59177061052017,NA,4.9022233241224,1.02073506202558,0.162931089737261,0.0236875709201886,0.0218134802602622,1.08591433542773,0.79964365470182,1.51874883279167,4.44217714459018,0.816250009246014,0.863837837679321,0.104662804088417,0.271027571131254,0.108831235637994,0.0334017927138297,0.472994474893619,0.206852371628003,0.00934888081067002,0.151444407156909,38.8695690665544,4.70944651271944,12.1952575304273,4.89701081118865,1.50295950490525,21.2830355514031,9.307606352571,0.420665722795326,6.81444894743556,NA,NA,NA,NA,NA,NA,NA,NA,NA,NA,NA,NA,NA,NA,NA,NA,NA,NA,NA,NA,NA,NA,NA,NA,NA,NA,NA,NA,NA,NA,NA
"164","Helen_2016_DOC&DOM.xlsx","Combined Needs Verification","Qu'Appelle River at Marquis","Qu’Appelle R @ Marquis",2016-05-02,NA,NA,NA,NA,NA,NA,NA,90,NA,"QAR-2","QAR-2 020516 12:10 Rep 1","20160713_QAR_2_90",NA,NA,NA,NA,NA,NA,3.818,2.310432245384,8.82123031287611,NA,5.85309523740635,1.36105929447701,0.257504018565929,0.0215941713917532,0.019620218107144,1.10060812136897,0.753425743063006,1.52181250197872,5.65196383026657,0.849668454983177,0.971794436393911,0.121488577036909,0.368873560460739,0.160463906185712,0.0505886576592725,0.546239856383392,0.254430999442229,0.0128712384955728,0.171268932428128,36.5608376256199,4.57064166254767,13.8777562860246,6.0369709880192,1.90324581939572,20.5506287605252,9.57219974632672,0.484241566995879,6.44347754454512,NA,NA,NA,NA,NA,NA,NA,NA,NA,NA,NA,NA,NA,NA,NA,NA,NA,NA,NA,NA,NA,NA,NA,NA,NA,NA,NA,NA,NA,NA,NA
"165","Helen_2016_DOC&DOM.xlsx","Combined Needs Verification","Ridge Creek","Ridge Creek",2016-05-02,NA,NA,NA,NA,NA,NA,NA,91,NA,"Ridge Creek 1","RC-1 020516 Rep 1","20160713_Ridgecreek_1_91",NA,NA,NA,NA,NA,NA,15.75,2.26766625605983,35.7157435329424,NA,24.2598238273873,6.0819757642377,1.10379600409118,0.0197565005472255,0.0194562996839442,1.01542949420794,0.728829101439702,1.60092839909418,9.50713498779454,0.90482657725806,2.88222600216727,0.277584227677565,1.77003434664436,0.728011316148203,0.190877664274213,1.82024833818614,0.96346884477666,0.0527860118663065,0.515453796184546,31.3261921717083,3.01699341187124,19.238059767628,7.91257256567952,2.07460150170202,19.783823058766,10.4717014419523,0.573717935532672,5.60233814515998,NA,NA,NA,NA,NA,NA,NA,NA,NA,NA,NA,NA,NA,NA,NA,NA,NA,NA,NA,NA,NA,NA,NA,NA,NA,NA,NA,NA,NA,NA,NA
"166","BuffalloPound_DOM_AllData.xlsx","BP WSA Spatiotemporal","Qu'Appelle River at Hwy 19","Qu’Appelle River at  Hwy#19",2016-09-20,NA,NA,NA,NA,NA,NA,NA,NA,NA,NA,NA,NA,NA,NA,NA,NA,NA,NA,3.234,NA,6.79719779119394,2.10179276165552,4.30569849517188,0.887521951512583,0.127040520254558,0.0255565480726388,0.0222325161854586,1.14951217664487,0.843666119833761,1.54845538336975,1.86754307309108,0.651269405720889,0.442824014006951,0.456927303986694,0.234472671040794,0.0939493038122653,0.0295179318653643,0.267160279996613,0.227225546741777,0.00838380144802889,0.303451049706469,21.4555676261202,22.1388957256356,11.3605949335752,4.55200164763271,1.43019340254341,12.9443645176627,11.0094595827945,0.406209268789395,14.7027132952463,NA,NA,NA,NA,NA,NA,NA,NA,NA,NA,NA,NA,NA,NA,NA,NA,NA,NA,NA,NA,NA,NA,NA,NA,NA,NA,NA,NA,NA,NA,NA
"167","BuffalloPound_DOM_AllData.xlsx","BP WSA Spatiotemporal","Qu'Appelle River at Marquis","Qu’Appelle River at Marquis",2016-09-20,NA,NA,NA,NA,NA,NA,NA,NA,NA,NA,NA,NA,NA,NA,NA,NA,NA,NA,3.56,NA,8.43320280496264,2.36887719240524,5.19175076232702,1.2664882930555,0.325590796072523,0.0229996026752195,0.0170864525748114,1.34607242635754,0.782751358137655,1.54463215801323,3.98485912630882,0.799392525513459,0.555403898784523,0.143981457147179,0.312897159197687,0.130810704869391,0.0436495159229365,0.337572782754717,0.238736067669904,0.00979400052427629,0.202015643480647,28.1236924523419,7.29071263004994,15.8440073858776,6.62379223709426,2.21025737161151,17.0934938398013,12.0887515538214,0.49593360656203,10.2293589228401,0.26767635921967,0.226203197020412,0.166030179449761,0.133426217368364,0.114265032862863,0.195871457179236,1.10347244310031,24.25763877416,20.4992157651779,15.0461554783629,12.0914861266033,10.355041811631,17.750462044065,NA,NA,NA,NA,NA,NA,NA,NA,NA,NA,NA,NA,NA,NA,NA,NA,NA,NA
"168","BuffalloPound_DOM_AllData.xlsx","BP WSA Spatiotemporal","Buffalo Pound Outlet","Buffalo Pound Outlet",2016-09-20,NA,NA,NA,NA,NA,NA,NA,NA,NA,NA,NA,NA,NA,NA,NA,NA,NA,NA,6.811,NA,14.661949972562,2.15268682609925,9.16425355604833,2.14151501392825,0.422903023147624,0.0231009586952257,0.0187739922221093,1.23047663075202,0.80912624547985,1.59586400208865,4.15914327978789,0.806169368484545,1.00265897163416,0.324531155439648,0.602273770999553,0.252023080625885,0.0816206143907739,0.632660689706803,0.448647854444894,0.0204431440567108,0.393879310425492,26.6754111031248,8.63404430822107,16.0232949512811,6.70499090255426,2.17148951434101,16.8317288970244,11.9361281317285,0.543883102212083,10.4790290895128,0.531514084090996,0.355031253274722,0.305905302665635,0.260677969877173,0.231706321801727,0.382683845626648,2.0675187773369,25.7078237894226,17.1718514562671,14.7957690164082,12.6082516267612,11.2069754500697,18.5093286610712,NA,NA,NA,NA,NA,NA,NA,NA,NA,NA,NA,NA,NA,NA,NA,NA,NA,NA
"169","BuffalloPound_DOM_AllData.xlsx","BP WSA Spatiotemporal","Opposite WTP Intake","Buffalo Pound Lake Opp WTP",2016-09-22,NA,NA,NA,NA,NA,NA,NA,NA,NA,NA,NA,NA,NA,NA,NA,NA,NA,NA,6.642,NA,12.77357770399,1.92315231917946,8.21245030792968,1.84577852983405,0.321458951110172,0.0231493612543777,0.0196177703355066,1.18001999505923,0.799939862795451,1.59321444245159,4.52416743736033,0.818977246555394,0.944823207244508,0.238406510815155,0.574410692224817,0.239493969994271,0.0747020023125983,0.600250217556262,0.419528692625557,0.022778317930841,0.355490017564093,27.2292476769917,6.87073505500094,16.5541774238555,6.90207498727581,2.15286765538831,17.2988573065161,12.0905695282626,0.656457690548261,10.2450126761607,0.506824701191402,0.335271231113983,0.291063482476794,0.253015734596873,0.218051479117567,0.328216538754332,1.93244316725095,26.2271465355641,17.3496036931804,15.0619426956217,13.0930491972402,11.2837201534761,16.9845377249177,NA,NA,NA,NA,NA,NA,NA,NA,NA,NA,NA,NA,NA,NA,NA,NA,NA,NA
"170","BuffalloPound_DOM_AllData.xlsx","BP WSA Spatiotemporal","0.5 mi Above Outlet","Buffalo Pound Lake 0.5 mi above Outlet",2016-09-22,NA,NA,NA,NA,NA,NA,NA,NA,NA,NA,NA,NA,NA,NA,NA,NA,NA,NA,6.974,NA,13.6007855941493,1.95021301894885,8.78245660210789,1.9927545916406,0.352214169957014,0.0229192982843919,0.0195913790843502,1.16986651045408,0.795003027153714,1.60417791510269,4.45266701093516,0.816603508339216,1.00183932578246,0.252882885710248,0.607320649398738,0.254780789421979,0.078614492003346,0.633316011635988,0.446396097521396,0.0193951701711692,0.387185333554215,27.2110969648611,6.86858715437334,16.4955204435046,6.92013638048257,2.13525912758075,17.2015840849194,12.12462635653,0.52679490871999,10.5163945790281,0.539911782913749,0.351257304778372,0.309835991418132,0.267209927772027,0.236564157589214,0.35847606265995,2.06325522713144,26.1679590490795,17.0244233558408,15.0168523672614,12.9508906245948,11.46557897823,17.3742956249936,NA,NA,NA,NA,NA,NA,NA,NA,NA,NA,NA,NA,NA,NA,NA,NA,NA,NA
"171","BuffalloPound_DOM_AllData.xlsx","BP WSA Spatiotemporal","Opposite Parkview","Buffalo Pound Lake Opp Parkview",2016-09-22,NA,NA,NA,NA,NA,NA,NA,NA,NA,NA,NA,NA,NA,NA,NA,NA,NA,NA,6.536,NA,13.7179551265882,2.09883034372524,8.83834985040744,2.02809350372275,0.340420254021979,0.0224803942034216,0.019817572729726,1.13436668102655,0.793444357041347,1.57528692470559,3.32283415416914,0.768670283352057,1.02126916315088,0.199264663635746,0.614617384133746,0.259203587905797,0.0834755114016975,0.639159391443912,0.427077134926841,0.020391632909035,0.358196558757758,28.1911789884084,5.50051445917436,16.9659373950391,7.15507234013138,2.3042633303582,17.6433965270481,11.789064418075,0.562891932848457,9.88768060891706,0.539888444643741,0.368482293727716,0.319766950550872,0.269225412345183,0.239517742372759,0.356779171941214,2.09366001558148,25.7868250157987,17.5999107297932,15.2731077716102,12.8590798095941,11.4401450374089,17.0409316357949,NA,NA,NA,NA,NA,NA,NA,NA,NA,NA,NA,NA,NA,NA,NA,NA,NA,NA
"172","BuffalloPound_DOM_AllData.xlsx","BP WSA Spatiotemporal","Opposite Sun Valley","Buffalo Pound Lake Opp Sun Valley",2016-09-22,NA,NA,NA,NA,NA,NA,NA,NA,NA,NA,NA,NA,NA,NA,NA,NA,NA,NA,6.794,NA,14.6951463383454,2.16295942572055,9.56894728854057,2.27388277949244,0.422488716613867,0.0220729676465363,0.0190345546501534,1.15962616684381,0.784621398378044,1.58134275972711,3.8254475011032,0.792765334246953,1.09727334521454,0.237230993242036,0.656395583032566,0.278247366193182,0.0871929654965165,0.68307727289295,0.458666159263357,0.0235274870772011,0.389028450881247,28.0586668911824,6.06629646539091,16.7848650415847,7.11513698515738,2.22963437942874,17.467149589142,11.728673655617,0.601627594040126,9.94794939845676,0.581015729467512,0.394476101114285,0.340944911008559,0.287896162762719,0.241259375197907,0.382175233021086,2.22776751257207,26.080626734551,17.7072382503164,15.3043308641718,12.9230793221474,10.8296477902832,17.1550770385302,NA,NA,NA,NA,NA,NA,NA,NA,NA,NA,NA,NA,NA,NA,NA,NA,NA,NA
"173","BuffalloPound_DOM_AllData.xlsx","BP WSA Spatiotemporal","Opposite South Lake","Buffalo Pound Lake Opp South Lake",2016-09-22,NA,NA,NA,NA,NA,NA,NA,NA,NA,NA,NA,NA,NA,NA,NA,NA,NA,NA,6.666,NA,14.6328667056188,2.1951495207949,9.46831480302552,2.23652718084109,0.38819862700198,0.0219686349842125,0.0196099938332474,1.12027750600137,0.775846080524957,1.57892546886687,6.30615247492108,0.863129054118077,1.10024986673081,0.167370075459897,0.648763489713193,0.275758229690786,0.0839886261267773,0.676273550746928,0.420192715927596,0.0230189823095873,0.273529240666297,29.9865481873652,4.56155550176411,17.6815996390823,7.51559958580609,2.28905184240063,18.4313673016557,11.4520614863437,0.627366422048772,7.45485003353343,0.56945786068095,0.41978836247968,0.339608706262544,0.282513876388124,0.239714257103524,0.239997991973715,2.09108105488854,27.2327014464441,20.0751836710632,16.2408198127282,13.5104220722416,11.4636520924485,11.4772209050743,NA,NA,NA,NA,NA,NA,NA,NA,NA,NA,NA,NA,NA,NA,NA,NA,NA,NA
"174","BuffalloPound_DOM_AllData.xlsx","BP WSA Spatiotemporal","0.5 mi Below Causeway","Buffalo Pound Lake 0.5 mi Below Causeway",2016-09-22,NA,NA,NA,NA,NA,NA,NA,NA,NA,NA,NA,NA,NA,NA,NA,NA,NA,NA,5.804,NA,13.2484321579416,2.28263820777767,8.85865892600906,2.1390837178791,0.361922323582138,0.0215686035707173,0.0197626320536398,1.09138314735485,0.761117628230578,1.56710734600124,7.90952243634269,0.887760538553569,1.05830344202892,0.125688940893471,0.629105220468047,0.269755231583461,0.082277604257506,0.649213213903655,0.38534667137705,0.0222590395533442,0.230851358415071,30.6505798362039,3.64020257743618,18.2201427488144,7.81264988237335,2.3829236283986,18.8025103701106,11.1604086754307,0.644666209909534,6.68591607132268,0.555155596662218,0.394525448281677,0.331494440964356,0.283183269525046,0.227613843900003,0.190308637289689,1.98228123662299,28.0058947441777,19.9025971185496,16.7228763931141,14.2857261771532,11.482419330557,9.60048623644839,NA,NA,NA,NA,NA,NA,NA,NA,NA,NA,NA,NA,NA,NA,NA,NA,NA,NA
"175","BuffalloPound_DOM_AllData.xlsx","BP WSA Spatiotemporal","0.5 mi Below Causeway West","Buffalo Pound Lake 0.5 mi Below Causeway - WEST",2016-09-22,NA,NA,NA,NA,NA,NA,NA,NA,NA,NA,NA,NA,NA,NA,NA,NA,NA,NA,6.632,NA,14.8190511158822,2.23447694750938,9.77096114810065,2.34856823319935,0.445541193451494,0.0216851459384947,0.0189092771820994,1.14679930542364,0.777130192809111,1.59180526245152,4.40956728830005,0.815142330854664,1.11598574025868,0.250323805803103,0.666512024747443,0.278551097613248,0.0857997717721511,0.68993354097711,0.468640191935285,0.0228274182726096,0.420983222945495,27.9027350295807,6.25878859643958,16.6646470018931,6.96454908742808,2.1452319783243,17.2502497903265,11.7173030335953,0.570748693726493,10.5257467886859,0.585086693530888,0.405729130171074,0.345427410100595,0.287836125458522,0.236642368914372,0.389589799538466,2.25031152771392,26.0002531349637,18.0299094225079,15.3502039982666,12.790945694125,10.5159826095179,17.3127051406188,NA,NA,NA,NA,NA,NA,NA,NA,NA,NA,NA,NA,NA,NA,NA,NA,NA,NA
"176","BuffalloPound_DOM_AllData.xlsx","BP WSA Spatiotemporal","Upstream of Causeway West","Buffalo Pound Lake US Causeway - WEST",2016-09-22,NA,NA,NA,NA,NA,NA,NA,NA,NA,NA,NA,NA,NA,NA,NA,NA,NA,NA,5.045,NA,11.9041666121602,2.35959694988309,7.45796612106376,1.78580853656899,0.336439316742912,0.0223673946415603,0.0190781266581784,1.17241042804231,0.770884833436837,1.56116928420942,4.34500133665959,0.812909307778591,0.793863062192601,0.202160536371762,0.460030783394622,0.190332447417763,0.0577421391425673,0.483989655932934,0.341185286545912,0.0147080815468721,0.297925332257517,27.9338694511061,7.11347624057148,16.1872247983718,6.6972781474337,2.03178791589217,17.0302719806307,12.005376880351,0.517537153916439,10.4831774317266,0.396524236830637,0.308054645298539,0.238189190730261,0.189477195498748,0.164238785700307,0.282641031598243,1.57912508565674,25.1103753864899,19.5079318349517,15.0836176876515,11.9988718575734,10.4006191271417,17.8985841061918,NA,NA,NA,NA,NA,NA,NA,NA,NA,NA,NA,NA,NA,NA,NA,NA,NA,NA
"177","BuffalloPound_DOM_AllData.xlsx","BP WSA Spatiotemporal","Upstream of Causeway Centre","Buffalo Pound Lake US Causeway",2016-09-22,NA,NA,NA,NA,NA,NA,NA,NA,NA,NA,NA,NA,NA,NA,NA,NA,NA,NA,5.452,NA,12.2364550073072,2.24439747015906,7.82279170820126,1.80694445310638,0.310729068758219,0.022298356895538,0.0202852860533395,1.09923798150567,0.76967647648559,1.57077696235968,4.83272339087502,0.828553501857392,0.85141854737086,0.212777366948707,0.496315232494924,0.203031384330073,0.104204116237195,0.523672898662009,0.354422904106282,0.0173021896032936,0.285281095057807,27.9297782343254,6.97990981111726,16.2810340703829,6.66020438062765,3.41829276164572,17.1784699453881,11.6264240935572,0.567577861770199,9.35830884118554,0.430234496619784,0.331420649649042,0.252423941343081,0.205481197476618,0.176097405067121,0.272866825352853,1.6685245155085,25.7853266536312,19.8630973994433,15.1285725200239,12.3151440429388,10.5540795733201,16.3537798106427,NA,NA,NA,NA,NA,NA,NA,NA,NA,NA,NA,NA,NA,NA,NA,NA,NA,NA
"178","BuffalloPound_DOM_AllData.xlsx","BP WSA Spatiotemporal","Upstream of Causeway East","Buffalo Pound Lake US Causeway - EAST",2016-09-22,NA,NA,NA,NA,NA,NA,NA,NA,NA,NA,NA,NA,NA,NA,NA,NA,NA,NA,4.803,NA,11.2347535856676,2.33911171885646,7.44885989772982,1.76077949977602,0.298135462731317,0.0217789543257021,0.0198793016416095,1.09555932689891,0.764860384009331,1.54876913546164,5.4855383019689,0.845810794194768,0.821965121056029,0.148227927803235,0.482312361050566,0.202103815773684,0.0629682634878263,0.499339311892487,0.325861527578293,0.0181674308229018,0.244072400110536,29.3033796679735,5.28438389239035,17.1946252613048,7.20508047635119,2.24484334523361,17.8016427518617,11.6170915495107,0.647676050184673,8.70127700518944,0.41119782804618,0.32445856282255,0.253179942930937,0.205626448956463,0.170175852462852,0.215678627482235,1.58031726270122,26.019954204849,20.5312294233853,16.0208300514404,13.0117194698607,10.768461275426,13.6478055750387,NA,NA,NA,NA,NA,NA,NA,NA,NA,NA,NA,NA,NA,NA,NA,NA,NA,NA
"179","BuffalloPound_DOM_AllData.xlsx","BP WSA Spatiotemporal","1.5 km below Qu'Appelle R. Inflow East","Buffalo Pound Lake 1.5 km below Qu’Appelle - EAST",2016-09-22,NA,NA,NA,NA,NA,NA,NA,NA,NA,NA,NA,NA,NA,NA,NA,NA,NA,NA,4.212,NA,9.92416557617898,2.35616466670916,6.03910408365949,1.39160675466666,0.258586725547863,0.0231423661716349,0.0195913553467554,1.18125396441587,0.769828833894442,1.53508373472644,4.61664088440284,0.821957639702948,0.636535772565736,0.143223899496081,0.37088691789061,0.155444496603716,0.0495905869100986,0.393528686926252,0.26066641390516,0.013085515281558,0.206532347919672,28.5506752005388,6.42405220838539,16.635470283377,6.97218526518182,2.22429720511599,17.6510263943817,11.6917264352599,0.586927416709902,9.2636395910495,0.318321722824703,0.256270229757906,0.19655272951658,0.155341383479364,0.13146528851463,0.198160661760424,1.25611201585361,25.3418261116134,20.4018611814452,15.6477071340656,12.3668416127522,10.4660481593508,15.7757158007729,NA,NA,NA,NA,NA,NA,NA,NA,NA,NA,NA,NA,NA,NA,NA,NA,NA,NA
"180","BuffalloPound_DOM_AllData.xlsx","BP WSA Spatiotemporal","1.5 km below Qu'Appelle R. Inflow Centre","Buffalo Pound Lake 1.5 km below Qu’Appelle",2016-09-22,NA,NA,NA,NA,NA,NA,NA,NA,NA,NA,NA,NA,NA,NA,NA,NA,NA,NA,4.237,NA,9.08310633769038,2.14375887129818,5.92720095078343,1.40977488819894,0.278988528324135,0.0221776096730701,0.0186669493436554,1.18806824108128,0.778796769407765,1.55016324694027,3.6140952893151,0.783272789724194,0.614316266311245,0.175515371441774,0.353474132654106,0.15124464631356,0.0485943706388687,0.376576290474023,0.286438784184836,0.011282501662289,0.324738407058972,26.2283882604518,7.49367314574721,15.0916674353225,6.45742840189897,2.07474893680057,16.0780199025841,12.2295762890401,0.481709260157828,13.8647883679968,0.300529916758652,0.237074063733522,0.1879643466921,0.147423212892938,0.129353662568531,0.284599856462988,1.28694505910873,23.3521947678779,18.4214595685776,14.6054678373196,11.4552841125196,10.051218709998,22.1143750037074,NA,NA,NA,NA,NA,NA,NA,NA,NA,NA,NA,NA,NA,NA,NA,NA,NA,NA
"181","BuffalloPound_DOM_AllData.xlsx","BP WSA Spatiotemporal","1.5 km below Qu'Appelle R. Inflow West","Buffalo Pound Lake 1.5 km below Qu’Appelle - WEST",2016-09-22,NA,NA,NA,NA,NA,NA,NA,NA,NA,NA,NA,NA,NA,NA,NA,NA,NA,NA,4.089,NA,9.26651934258141,2.26620673577437,5.84052480832484,1.41954731517771,0.280331548709374,0.0222402166661955,0.0186405654842436,1.19310847543733,0.760861592214335,1.53480034607819,4.1421957699551,0.805530546728148,0.593643845634537,0.138821240475122,0.338219049255023,0.145974511627167,0.0468155752199484,0.362316785170647,0.244103205120076,0.0128960749338648,0.203446812881707,28.4552434401643,6.65414494133748,16.2119180606775,6.99702404894007,2.24401987735768,17.3669994228079,11.7006453908262,0.618150014296003,9.7518548035929,0.288758467461471,0.235599322736813,0.18234788849974,0.143552918028844,0.120287283576643,0.196471934526337,1.16701781482985,24.7432784480306,20.1881513497858,15.6251161021331,12.3008334752606,10.3072362776382,16.8353843471518,NA,NA,NA,NA,NA,NA,NA,NA,NA,NA,NA,NA,NA,NA,NA,NA,NA,NA
"182","BuffalloPound_DOM_AllData.xlsx","BP WSA Spatiotemporal","Opposite WTP Intake","Buffalo Pound Lake Opp WTP",2017-03-21,NA,NA,NA,NA,NA,NA,NA,NA,NA,NA,NA,NA,NA,NA,NA,NA,NA,NA,5.735,NA,10.9034858382857,1.90121810606551,6.95742924101834,1.45701922959664,0.278878218471256,0.0248411834128347,0.019477892026661,1.2753527629598,0.826437555401173,1.54210575560192,3.51007996243413,0.778274441178579,0.610485331302116,0.194369987820335,0.330966518299179,0.139146797851591,0.0448367246453244,0.372538926427232,0.297247892402025,0.0100253052977522,0.281831891854039,26.7586621798872,8.51958364159158,14.5068534851305,6.09905261635377,1.96527370359226,16.3290463668665,13.0289059026268,0.439427032817642,12.3531950711337,0.274051651232966,0.265083233034539,0.170953520553018,0.142352391766713,0.139904373294948,0.271319694935127,1.26366486481731,21.6870515959614,20.9773366669384,13.5283907397183,11.2650431083476,11.0713193972655,21.4708584917688,NA,NA,NA,NA,NA,NA,NA,NA,NA,NA,NA,NA,NA,NA,NA,NA,NA,NA
"183","BuffalloPound_DOM_AllData.xlsx","BP WSA Spatiotemporal","Opposite Parkview","Buffalo Pound Lake Opp Parkview",2017-03-21,NA,NA,NA,NA,NA,NA,NA,NA,NA,NA,NA,NA,NA,NA,NA,NA,NA,NA,5.634,NA,10.5373050444808,1.87030618467888,6.72786966760383,1.36548843999183,0.236453480948748,0.0246435372813187,0.0203334766406481,1.21196870150845,0.84530212645349,1.53219799063331,3.59939447819559,0.782580075542397,0.628037697149915,0.187360343266576,0.348391938139102,0.136614917025304,0.0426667263422189,0.393373576213559,0.308110770673769,0.00950423458143685,0.287540976548863,26.820865249385,8.00137721451427,14.8783636224474,5.834252143175,1.82211756244924,16.7993413901301,13.1581233095196,0.405886137351424,12.2796733710281,0.288189294724866,0.282465421766671,0.169105458650448,0.132381797434067,0.14799219560007,0.272060102268523,1.29219427044464,22.302319497648,21.8593618798105,13.0866900216373,10.2447287116135,11.4527822158773,21.0541176734135,NA,NA,NA,NA,NA,NA,NA,NA,NA,NA,NA,NA,NA,NA,NA,NA,NA,NA
"184","BuffalloPound_DOM_AllData.xlsx","BP WSA Spatiotemporal","Opposite Sun Valley","Buffalo Pound Lake Opp Sun Valley",2017-03-21,NA,NA,NA,NA,NA,NA,NA,NA,NA,NA,NA,NA,NA,NA,NA,NA,NA,NA,5.473,NA,11.6601902931809,2.13049338446572,7.73004161193799,1.82331900052252,0.323171455418229,0.0217721043202446,0.0197046893642558,1.10491994660617,0.78067108449758,1.54152299515881,4.12011818978591,0.804692008478458,0.69217042966814,0.180714739715386,0.404656824378072,0.157033452910873,0.045468787219369,0.437278334072038,0.308758731198232,0.0121925378113793,0.255194187897075,27.759346531186,7.24752585206168,16.2286750959671,6.29779292714309,1.82351595311631,17.5369537411548,12.3827026502279,0.488979112215093,10.234508136928,0.335985509451885,0.301211467173664,0.197328545494141,0.148491915841649,0.149600858971072,0.243178698460516,1.37579699539293,24.421154470971,21.8935982693899,14.3428533537234,10.7931559916832,10.8737596805368,17.6754782336957,NA,NA,NA,NA,NA,NA,NA,NA,NA,NA,NA,NA,NA,NA,NA,NA,NA,NA
"185","BuffalloPound_DOM_AllData.xlsx","BP WSA Spatiotemporal","Opposite South Lake","Buffalo Pound Lake Opp South Lake",2017-03-21,NA,NA,NA,NA,NA,NA,NA,NA,NA,NA,NA,NA,NA,NA,NA,NA,NA,NA,4.853,NA,11.0712686631238,2.28132467816274,7.72131557607771,2.12238330244476,0.465798897768453,0.019195257911564,0.0176352736137454,1.08845818511161,0.73713295282931,1.55584081120092,3.62717307124567,0.78388532596409,0.661573703778252,0.224047649727876,0.400776660741155,0.153045259867402,0.0422030042236603,0.419740108425149,0.303406974087243,0.0111962701505944,0.313022079763298,26.1593768412496,8.85909894265127,15.84716508173,6.05158367657894,1.66875479635088,16.5970013756181,11.997056905502,0.442713258421776,12.3772491218974,0.345606904366833,0.247833346717824,0.199333156436477,0.143850702833184,0.122095054402768,0.302778533914229,1.36149769867131,25.3843179245996,18.2029941702938,14.6407266520543,10.56562218016,8.96770185670681,22.2386372161856,NA,NA,NA,NA,NA,NA,NA,NA,NA,NA,NA,NA,NA,NA,NA,NA,NA,NA
"186","BuffalloPound_DOM_AllData.xlsx","BP WSA Spatiotemporal","0.5 mi Below Causeway","Buffalo Pound Lake D/s Causeway",2017-03-21,NA,NA,NA,NA,NA,NA,NA,NA,NA,NA,NA,NA,NA,NA,NA,NA,NA,NA,5.397,NA,11.9253759609903,2.20963052825464,8.08585649972685,2.01083863140605,0.374071760771973,0.0207833814828157,0.0190469728155773,1.09116454798624,0.769974690844138,1.5651076210969,4.80917604355643,0.827858547838431,0.837211457529693,0.181755807274507,0.500193444853009,0.199962512318295,0.055723897456956,0.522281238241113,0.347125011990908,0.0140255439317859,0.270328730819655,28.5873547836301,6.20621910965325,17.0795649532209,6.82790378900944,1.90274370017461,17.8337729615971,11.8529026123654,0.478915089856058,9.23062300049309,0.431948444855735,0.326757243388605,0.248564321668605,0.199764663353585,0.179522795085207,0.253150998039723,1.63970846639146,26.3430026562181,19.9277646048695,15.159055817747,12.1829378482878,10.9484581414821,15.4387809313955,NA,NA,NA,NA,NA,NA,NA,NA,NA,NA,NA,NA,NA,NA,NA,NA,NA,NA
"187","BuffalloPound_DOM_AllData.xlsx","BP WSA Spatiotemporal","Upstream of Causeway Centre","Buffalo Pound Lake upstream Causeway",2017-03-21,NA,NA,NA,NA,NA,NA,NA,NA,NA,NA,NA,NA,NA,NA,NA,NA,NA,NA,6.357,NA,19.0556814412041,2.99759028491491,14.0702152532213,4.48966572889066,1.11186800468987,0.0164299089789685,0.0161315765030416,1.01849369625286,0.656048438874725,1.52478467570952,4.27688124593794,0.810494124579782,1.0513544437236,0.364701400090368,0.66784167265373,0.287343245201001,0.0804892381374724,0.683070742456871,0.449453468148772,0.0233840217481235,0.485695454129583,25.6845525993904,8.90964255643078,16.3153489023053,7.01978551525001,1.9663492963466,16.6873945494547,10.9801326399116,0.57127084035312,11.8655231005575,0.587782172630005,0.326494122262514,0.383382295402874,0.258830070863526,0.150296484177911,0.473545652243262,2.18033079758009,26.9583942621171,14.9745223350917,17.5836756435484,11.8711376801537,6.8932881352097,21.7189819438794,NA,NA,NA,NA,NA,NA,NA,NA,NA,NA,NA,NA,NA,NA,NA,NA,NA,NA
"188","BuffalloPound_DOM_AllData.xlsx","BP WSA Spatiotemporal","1.5 km below Qu'Appelle R. Inflow Centre","Buffalo Pound below Qu’Appelle",2017-03-21,NA,NA,NA,NA,NA,NA,NA,NA,NA,NA,NA,NA,NA,NA,NA,NA,NA,NA,9.466,NA,29.5352581669962,3.12014136562394,22.0172446526464,7.08573130888327,1.73378024939003,0.0159328173574495,0.0162178886207543,0.982422418233899,0.653206589641759,1.526881172255,4.95784666538892,0.832154122762285,1.73619939569862,0.494452157089866,1.10646100809651,0.495612846196872,0.147411617248551,1.11056652706141,0.69698980465962,0.0398343836317341,0.699209955763711,26.6013355632448,7.57579330076034,16.9527420853513,7.59357690355192,2.25858038314281,17.0156451642932,10.6789921271977,0.610326099967567,10.7130083724904,0.981718288313592,0.519091888381635,0.650700791257184,0.466593368522354,0.261364495786319,0.671946962725374,3.55141579498646,27.6430118292397,14.6164774373769,18.3222925396621,13.1382354378512,7.35944510229661,18.9205376535736,NA,NA,NA,NA,NA,NA,NA,NA,NA,NA,NA,NA,NA,NA,NA,NA,NA,NA
"189","Copy of Results_DOC samples shipped Jan22 2018.xlsx","Combined","Qu'Appelle River at Hwy 19","Qu’Appelle River at Highway 19",2017-03-30,NA,NA,NA,NA,NA,NA,NA,NA,NA,"WSA 001",NA,NA,"2018_WSA_001","X",NA,"x","yes",NA,15.41,0.476176351987378,7.33787758412549,NA,4.66439444279372,0.873059023535509,0.124579897302567,0.0267458348940515,0.0224487902870991,1.19141541936101,0.808438909577222,1.53985342045803,1.92735602391803,0.658394813671629,0.568695134032641,0.794942251077519,0.289689655193448,0.108979233661549,0.0324820269341751,0.340305423085959,0.262782159605696,NA,0.310324820294282,NA,NA,NA,NA,NA,NA,NA,NA,NA,NA,NA,NA,NA,NA,NA,NA,NA,NA,NA,NA,NA,NA,1.367,NA,NA,NA,NA,NA,NA,NA,NA,NA,NA,NA,NA,NA,NA,NA,NA,NA
"190","Copy of Results_DOC samples shipped Jan22 2018.xlsx","Combined","Ridge Creek","Ridge Creek",2017-03-30,NA,NA,NA,NA,NA,NA,NA,NA,NA,"WSA 002",NA,NA,"2018_WSA_002","X",NA,"x","yes",NA,4.028,8.28843432107463,33.3858134452886,NA,23.2129741108614,6.47050271808738,1.34250485069053,0.0184358772951167,0.019018341260636,0.969373566414808,0.681614170177648,1.60926557006205,7.04397805169771,0.875683400231438,3.24793315946384,0.480692849474064,1.97384342453782,0.788770684486018,0.206011036663736,2.0030010745763,1.10930554721415,NA,0.84242478485699,NA,NA,NA,NA,NA,NA,NA,NA,NA,NA,NA,NA,NA,NA,NA,NA,NA,NA,NA,NA,NA,NA,0.2182,NA,NA,NA,NA,NA,NA,NA,NA,NA,NA,NA,NA,NA,NA,NA,NA,NA
"191","Copy of Results_DOC samples shipped Jan22 2018.xlsx","Combined","Iskwao Creek","Iskwao Creek",2017-03-30,NA,NA,NA,NA,NA,NA,NA,NA,NA,"WSA 003",NA,NA,"2018_WSA_003","X",NA,"x",NA,NA,13.47,2.56953546314483,34.6116426885608,NA,24.6014473195146,7.23853543752784,1.51007132995653,0.0174675313234958,0.01848582408042,0.944914938468839,0.645410163376999,1.57971221097516,9.83547488907671,0.907710551661367,3.3296111271488,0.375096095284174,1.93592077711997,0.829000678521248,0.22898293891534,1.95791390228448,0.994547240876414,NA,0.693745405850578,NA,NA,NA,NA,NA,NA,NA,NA,NA,NA,NA,NA,NA,NA,NA,NA,NA,NA,NA,NA,NA,NA,1.202,NA,NA,NA,NA,NA,NA,NA,NA,NA,NA,NA,NA,NA,NA,NA,NA,NA
"192","Copy of Results_DOC samples shipped Jan22 2018.xlsx","Combined","0.5 mi Below Outlet","Buffalo Pound Outlet",2017-03-30,NA,NA,NA,NA,NA,NA,NA,NA,NA,"WSA 005",NA,NA,"2018_WSA_005","X",NA,"x",NA,NA,6.636,1.59455831058835,10.5814889490643,NA,6.83467095665369,1.3198365446565,0.233414900920172,0.0253465991611669,0.0214087549316315,1.18393616266386,0.815877033960355,1.61324651134486,3.47581399521107,0.776576953137472,0.833285907192998,0.182633904468322,0.471776745114666,0.178468734066796,0.0499621044625235,0.516707032648404,0.368294313072922,NA,0.337670635426301,NA,NA,NA,NA,NA,NA,NA,NA,NA,NA,NA,NA,NA,NA,NA,NA,NA,NA,NA,NA,NA,NA,0.4633,NA,NA,NA,NA,NA,NA,NA,NA,NA,NA,NA,NA,NA,NA,NA,NA,NA
"193","Copy of Results_DOC samples shipped Jan22 2018.xlsx","Combined","Method Blank","Method Blank",2017-03-31,NA,NA,NA,NA,NA,NA,NA,NA,NA,"WSA 006",NA,NA,"2018_WSA_006","X",NA,"x","yes",NA,0.3909,1.24373021900956,0.486174142610837,NA,0.220771603785559,-0.0714847795209594,-0.054752091271255,NA,NA,NA,0.937219043192392,-0.183617159528402,0.0221840781430397,0.0217026254051429,0.19794992387993,0.626686019345565,0.00777072539602816,0.00365338322395442,0.0029936491397053,0.0207460058658617,0.026266921968494,NA,0.141449675416692,NA,NA,NA,NA,NA,NA,NA,NA,NA,NA,NA,NA,NA,NA,NA,NA,NA,NA,NA,NA,NA,NA,0.03646,NA,NA,NA,NA,NA,NA,NA,NA,NA,NA,NA,NA,NA,NA,NA,NA,NA
"194","Copy of Results_DOC samples shipped Jan22 2018.xlsx","Combined","Method Blank","Method Blank",2017-04-10,NA,NA,NA,NA,NA,NA,NA,NA,NA,"WTP 001",NA,NA,"WTP 001","X",NA,NA,"yes",NA,NA,NA,0.101756138958496,NA,0.0904245021494786,0.0643003553429998,0.0654884416468971,0.0161132508641657,0.000124865576477644,129.044780144434,0.0511112547898436,-1.09528875247294,-0.11808195787689,-0.133892212469792,0.0111942232299272,0.0879116743875839,0.00340552234843199,0.00315275842412325,0.00175426188833564,0.00678987243549416,0.0050168926700351,NA,0.0145709178550234,NA,NA,NA,NA,NA,NA,NA,NA,NA,NA,NA,NA,NA,NA,NA,NA,NA,NA,NA,NA,NA,NA,NA,NA,NA,NA,NA,NA,NA,NA,NA,NA,NA,NA,NA,NA,NA,NA,NA,NA
"195","Copy of Results_DOC samples shipped Jan22 2018.xlsx","Combined","BPWTP Raw","BPWTP Raw",2017-04-10,NA,NA,NA,NA,NA,NA,NA,NA,NA,"WTP 003",NA,NA,"WTP 003","X",NA,NA,NA,NA,NA,NA,10.3353303757429,NA,6.8774688450218,1.43224010586406,0.243099096860779,0.0232256426702612,0.020884758418474,1.11208577111031,0.78968379646997,1.63266844840753,6.65985381721941,0.869449205707817,0.933331129094423,0.143137161212697,0.536267336971818,0.198908429311428,0.0544726072054896,0.571407440972809,0.3718093206442,NA,0.238763306001592,NA,NA,NA,NA,NA,NA,NA,NA,NA,NA,NA,NA,NA,NA,NA,NA,NA,NA,NA,NA,NA,NA,NA,NA,NA,NA,NA,NA,NA,NA,NA,NA,NA,NA,NA,NA,NA,NA,NA,NA
"196","Copy of Results_DOC samples shipped Jan22 2018.xlsx","Combined","Method Blank","Method Blank",2017-05-06,NA,NA,NA,NA,NA,NA,NA,NA,NA,"WSA 025",NA,NA,"2018_WSA_025","X",NA,"x","yes",NA,0.4132,1.60513349541936,0.66324116030728,NA,0.342765657382766,-0.0450200780760216,-0.0537052370723887,0.090755319815026,NA,NA,1.17253279913486,0.609224254173931,0.0112902956831992,0.0111642480219508,0.0666576095559541,0.868950912048519,0.0116789461269502,0.00485178741081355,0.00346420544350432,0.0549012065421861,0.0842117525202087,NA,0.24986332684426,NA,NA,NA,NA,NA,NA,NA,NA,NA,NA,NA,NA,NA,NA,NA,NA,NA,NA,NA,NA,NA,NA,0.03646,NA,NA,NA,NA,NA,NA,NA,NA,NA,NA,NA,NA,NA,NA,NA,NA,NA
"197","Copy of Results_DOC samples shipped Jan22 2018.xlsx","Combined","Method Blank","Method Blank",2017-05-08,NA,NA,NA,NA,NA,NA,NA,NA,NA,"WTP 005",NA,NA,"WTP 005","X",NA,NA,"yes",NA,NA,NA,0.00928484195155568,NA,-0.0115754792955489,-0.0286624248687124,-0.0180937989559291,NA,NA,NA,0.45212708228737,-0.247432190756075,-0.249714843894027,-0.332826581815989,0.015900187192574,0.0570955227257143,0.00349413120125355,0.00290529652459038,0.00168830936033395,0.00620957629754368,0.0084191669624787,NA,0.0104651682176291,NA,NA,NA,NA,NA,NA,NA,NA,NA,NA,NA,NA,NA,NA,NA,NA,NA,NA,NA,NA,NA,NA,NA,NA,NA,NA,NA,NA,NA,NA,NA,NA,NA,NA,NA,NA,NA,NA,NA,NA
"198","Copy of Results_DOC samples shipped Jan22 2018.xlsx","Combined","BPWTP Raw","BPWTP Raw",2017-05-08,NA,NA,NA,NA,NA,NA,NA,NA,NA,"WTP 007",NA,NA,"WTP 007","X",NA,NA,NA,NA,NA,NA,9.90000391282967,NA,6.48422799121626,1.31994390244166,0.22338185647849,0.0243269563241219,0.0207176610811666,1.17421345145164,0.785401340654521,1.59265977510607,6.19501948204133,0.861014969800153,0.86161134496033,0.144642941118641,0.477643555845706,0.18584540213675,0.054160589678348,0.513143027670514,0.334836152973958,NA,0.229748558392728,NA,NA,NA,NA,NA,NA,NA,NA,NA,NA,NA,NA,NA,NA,NA,NA,NA,NA,NA,NA,NA,NA,NA,NA,NA,NA,NA,NA,NA,NA,NA,NA,NA,NA,NA,NA,NA,NA,NA,NA
"199","Copy of Results_DOC samples shipped Jan22 2018.xlsx","Combined","Upstream of Causeway Centre","BPL Upstream Causeway",2017-05-15,NA,NA,NA,NA,NA,NA,NA,NA,NA,"WSA 007",NA,NA,"2018_WSA_007","X",NA,"x",NA,NA,6.351,1.96900138140287,12.5051277732896,NA,8.27535949587747,1.82852580047446,0.294695392856174,0.0227740299788995,0.0211273647471356,1.07793992537508,0.739324547574058,1.58366681507162,3.95254203287701,0.798083490586937,1.0928636893913,0.227806106369223,0.597288613792954,0.247252963315291,0.0700958249678016,0.634415034058779,0.416079277616889,NA,0.386432762082778,NA,NA,NA,NA,NA,NA,NA,NA,NA,NA,NA,NA,NA,NA,NA,NA,NA,NA,NA,NA,NA,NA,0.3467,NA,NA,NA,NA,NA,NA,NA,NA,NA,NA,NA,NA,NA,NA,NA,NA,NA
"200","Copy of Results_DOC samples shipped Jan22 2018.xlsx","Combined","1.5 km below Qu'Appelle R. Inflow East","BPL Below Qu'Appelle East",2017-05-15,NA,NA,NA,NA,NA,NA,NA,NA,NA,"WSA 008",NA,NA,"2018_WSA_008","X",NA,"x",NA,NA,7.97,1.90222000303857,15.1606934242174,NA,10.1703167956725,2.36804018133784,0.462545189889969,0.0216856220159187,0.019899745715693,1.08974367440371,0.729465295268948,1.60085156223606,4.16298985738135,0.806313777941993,1.32580145460087,0.299463385496839,0.741748606692324,0.290347440302536,0.0819160734083489,0.786712124133602,0.507883648651503,NA,0.454768538656819,NA,NA,NA,NA,NA,NA,NA,NA,NA,NA,NA,NA,NA,NA,NA,NA,NA,NA,NA,NA,NA,NA,0.4664,NA,NA,NA,NA,NA,NA,NA,NA,NA,NA,NA,NA,NA,NA,NA,NA,NA
"201","Copy of Results_DOC samples shipped Jan22 2018.xlsx","Combined","Opposite WTP Intake","BPL Opp. WTP",2017-05-15,NA,NA,NA,NA,NA,NA,NA,NA,NA,"WSA 009",NA,NA,"2018_WSA_009","X",NA,"x",NA,NA,6.823,1.66243994917432,11.3428277732164,NA,7.40020683104578,1.63668005014502,0.419229632918151,0.024350525257906,0.0171083245547883,1.42331443268597,0.784135867310153,1.59963797924752,2.80678820821527,0.737311364514069,0.810838294541482,0.296514929730669,0.45442671043952,0.179557932877514,0.0522647816135871,0.497942271373057,0.397166125180367,NA,0.451921879824477,NA,NA,NA,NA,NA,NA,NA,NA,NA,NA,NA,NA,NA,NA,NA,NA,NA,NA,NA,NA,NA,NA,0.4372,NA,NA,NA,NA,NA,NA,NA,NA,NA,NA,NA,NA,NA,NA,NA,NA,NA
"202","Copy of Results_DOC samples shipped Jan22 2018.xlsx","Combined","1.5 km below Qu'Appelle R. Inflow Centre","BPL Below Qu'Appelle",2017-05-15,NA,NA,NA,NA,NA,NA,NA,NA,NA,"WSA 010",NA,NA,"2018_WSA_010","X",NA,"x",NA,NA,7.568,1.90847466097818,14.4433362342829,NA,9.49307316354022,2.20506478244588,0.439419559245176,0.0218260175640914,0.0195682310265589,1.11538020654336,0.738676546556235,1.56571159457845,4.38769193255386,0.814391763204252,1.20141315029673,0.294560368215212,0.674698884228502,0.269803552075502,0.0762527116775182,0.709113338969993,0.45709793026134,NA,0.391549389175634,NA,NA,NA,NA,NA,NA,NA,NA,NA,NA,NA,NA,NA,NA,NA,NA,NA,NA,NA,NA,NA,NA,0.4368,NA,NA,NA,NA,NA,NA,NA,NA,NA,NA,NA,NA,NA,NA,NA,NA,NA
"203","Copy of Results_DOC samples shipped Jan22 2018.xlsx","Combined","Upstream of Causeway East","BPL Us Causeway East",2017-05-15,NA,NA,NA,NA,NA,NA,NA,NA,NA,"WSA 011",NA,NA,"2018_WSA_011","X",NA,"x",NA,NA,7.822,1.86631287393431,14.5982992999142,NA,9.97683054467579,2.48434082706769,0.618017568301609,0.0216711097010548,0.0172452412004981,1.25664288768712,0.738027337006644,1.57707192322638,3.56658305875634,0.781017888619694,1.19121288809324,0.345893477265522,0.661515024612588,0.270978888674866,0.0776273584938478,0.702244539775096,0.505067594701215,NA,0.541342512018632,NA,NA,NA,NA,NA,NA,NA,NA,NA,NA,NA,NA,NA,NA,NA,NA,NA,NA,NA,NA,NA,NA,0.4835,NA,NA,NA,NA,NA,NA,NA,NA,NA,NA,NA,NA,NA,NA,NA,NA,NA
"204","Copy of Results_DOC samples shipped Jan22 2018.xlsx","Combined","1.5 km below Qu'Appelle R. Inflow West","BPL Below Qu'Appelle West",2017-05-15,NA,NA,NA,NA,NA,NA,NA,NA,NA,"WSA 012",NA,NA,"2018_WSA_012","X",NA,"x",NA,NA,6.888,1.96704977805883,13.5490388712692,NA,9.02316288244985,1.9819040420279,0.325354408153614,0.0225189660492125,0.0210502016109976,1.06977436441499,0.754777485434073,1.57392452870852,4.52343129213753,0.818953120422902,1.11443634570259,0.205761399908975,0.623890786422165,0.243179725820267,0.0681588975658021,0.664150401079286,0.422950909912439,NA,0.341503241720212,NA,NA,NA,NA,NA,NA,NA,NA,NA,NA,NA,NA,NA,NA,NA,NA,NA,NA,NA,NA,NA,NA,0.4196,NA,NA,NA,NA,NA,NA,NA,NA,NA,NA,NA,NA,NA,NA,NA,NA,NA
"205","Copy of Results_DOC samples shipped Jan22 2018.xlsx","Combined","Opposite Sun Valley","BPL Opp. Sun Valley",2017-05-15,NA,NA,NA,NA,NA,NA,NA,NA,NA,"WSA 013",NA,NA,"2018_WSA_013","X",NA,"x",NA,NA,6.395,1.66882426669647,10.6721311855239,NA,6.98803261099456,1.45642854426602,0.284125213664536,0.024516178266128,0.0189187427220952,1.29586720567301,0.771376739167041,1.60479204622443,3.28208774850087,0.76646905464511,0.827298698467618,0.246370197158124,0.455036143691134,0.180593076236235,0.0521326962945624,0.495103061847376,0.372665418505648,NA,0.371483531746937,NA,NA,NA,NA,NA,NA,NA,NA,NA,NA,NA,NA,NA,NA,NA,NA,NA,NA,NA,NA,NA,NA,0.4106,NA,NA,NA,NA,NA,NA,NA,NA,NA,NA,NA,NA,NA,NA,NA,NA,NA
"206","Copy of Results_DOC samples shipped Jan22 2018.xlsx","Combined","Upstream of Causeway West","BPL Us Causeway West",2017-05-15,NA,NA,NA,NA,NA,NA,NA,NA,NA,"WSA 014",NA,NA,"2018_WSA_014","X",NA,"x",NA,NA,7.298,1.83584338721835,13.3979850399195,NA,9.0060524061809,2.10322664352714,0.475704562591749,0.0223483071560147,0.0184816953306199,1.2092130487071,0.748091329563556,1.582298831934,3.45189865019012,0.775376737303466,1.09260309732057,0.289889059706488,0.604086255973362,0.243249474246771,0.0690283561203257,0.651578228752821,0.455405149588393,NA,0.466888866233067,NA,NA,NA,NA,NA,NA,NA,NA,NA,NA,NA,NA,NA,NA,NA,NA,NA,NA,NA,NA,NA,NA,0.4358,NA,NA,NA,NA,NA,NA,NA,NA,NA,NA,NA,NA,NA,NA,NA,NA,NA
"207","Copy of Results_DOC samples shipped Jan22 2018.xlsx","Combined","0.5 mi Below Causeway","BPL 0.5 mi Below Causeway",2017-05-15,NA,NA,NA,NA,NA,NA,NA,NA,NA,"WSA 015",NA,NA,"2018_WSA_015","X",NA,"x",NA,NA,6.347,1.76356561699598,11.1933509710735,NA,7.2997864926365,1.54880387184409,0.280335413121424,0.0241617783766067,0.0205599867052146,1.17518453309499,0.758901068341757,1.61330714526695,3.90748189085231,0.796229507873675,0.886863179918233,0.199952654391804,0.496540343349467,0.199418269812491,0.0575105594793043,0.535913887584477,0.362165671450279,NA,0.326068670745127,NA,NA,NA,NA,NA,NA,NA,NA,NA,NA,NA,NA,NA,NA,NA,NA,NA,NA,NA,NA,NA,NA,0.3807,NA,NA,NA,NA,NA,NA,NA,NA,NA,NA,NA,NA,NA,NA,NA,NA,NA
"208","Copy of Results_DOC samples shipped Jan22 2018.xlsx","Combined","Opposite South Lake","BPL Opp. South Lake",2017-05-15,NA,NA,NA,NA,NA,NA,NA,NA,NA,"WSA 016",NA,NA,"2018_WSA_016","X",NA,"x",NA,NA,6.802,1.68302841181702,11.4479592571794,NA,7.49567672722801,1.64553681847153,0.368364413903463,0.0238463867512813,0.0185330162035406,1.28669756122728,0.756808902287084,1.58375762684891,3.30421077788903,0.767669370390257,0.875961642698091,0.282569543983197,0.487835009402749,0.197543272049117,0.0558647659228666,0.523741522484658,0.388518334385555,NA,0.38232795734235,NA,NA,NA,NA,NA,NA,NA,NA,NA,NA,NA,NA,NA,NA,NA,NA,NA,NA,NA,NA,NA,NA,0.4105,NA,NA,NA,NA,NA,NA,NA,NA,NA,NA,NA,NA,NA,NA,NA,NA,NA
"209","Copy of Results_DOC samples shipped Jan22 2018.xlsx","Combined","Opposite Parkview","BPL Opp. Parkview",2017-05-15,NA,NA,NA,NA,NA,NA,NA,NA,NA,"WSA 017",NA,NA,"2018_WSA_017","X",NA,"x",NA,NA,6.303,1.71969584220217,10.8392428934003,NA,7.04439585772444,1.49756562897236,0.316765724263062,0.0243514698994339,0.0196329645764994,1.24033585475841,0.780473764953196,1.58763612336063,3.90195485112567,0.795999753084147,0.833860828348615,0.170368069798005,0.462132130578108,0.183999260910442,0.0539275534854365,0.496025865626432,0.336010944627495,NA,0.280613884659226,NA,NA,NA,NA,NA,NA,NA,NA,NA,NA,NA,NA,NA,NA,NA,NA,NA,NA,NA,NA,NA,NA,0.3714,NA,NA,NA,NA,NA,NA,NA,NA,NA,NA,NA,NA,NA,NA,NA,NA,NA
"210","Copy of Results_DOC samples shipped Jan22 2018.xlsx","Combined","0.5 mi Above Outlet","BPL 0.5 mi Abore Oulet",2017-05-15,NA,NA,NA,NA,NA,NA,NA,NA,NA,"WSA 018",NA,NA,"2018_WSA_018","X",NA,"x",NA,NA,7,1.59153643548316,11.1407550483821,NA,7.2682489804764,1.53936611736235,0.343836425521746,0.0249533838723166,0.0192148844341955,1.29864865738711,0.786683822026242,1.60317358148925,2.70075674661894,0.729784995754284,0.836878525082422,0.293215860626805,0.464154762548225,0.18503906277587,0.0530149241683374,0.508002596171274,0.40128805810985,NA,0.456907289825492,NA,NA,NA,NA,NA,NA,NA,NA,NA,NA,NA,NA,NA,NA,NA,NA,NA,NA,NA,NA,NA,NA,0.4432,NA,NA,NA,NA,NA,NA,NA,NA,NA,NA,NA,NA,NA,NA,NA,NA,NA
"211","Copy of Results_DOC samples shipped Jan22 2018.xlsx","Combined","Qu'Appelle River at Marquis","Qu'Appelle at Marquis",2017-05-25,NA,NA,NA,NA,NA,NA,NA,NA,NA,"WSA 019",NA,NA,"2018_WSA_019","X",NA,"x",NA,NA,4.776,2.1056470056353,10.0565700989142,NA,6.75478962290289,1.5471709689012,0.260951347918885,0.0225478159915654,0.0205710564474099,1.09609421612396,0.719080928295997,1.53785943015606,4.25533510030313,0.809717176751998,0.953846382812648,0.172998185006364,0.501872237567891,0.219973801019341,0.0691927116701208,0.540985611339857,0.329021956278247,NA,0.298381323055566,NA,NA,NA,NA,NA,NA,NA,NA,NA,NA,NA,NA,NA,NA,NA,NA,NA,NA,NA,NA,NA,NA,0.2504,NA,NA,NA,NA,NA,NA,NA,NA,NA,NA,NA,NA,NA,NA,NA,NA,NA
"212","Copy of Results_DOC samples shipped Jan22 2018.xlsx","Combined","Qu'Appelle River at Hwy 19","Qu'Appelle at Highway 19",2017-05-25,NA,NA,NA,NA,NA,NA,NA,NA,NA,"WSA 020",NA,NA,"2018_WSA_020","X",NA,"x","yes",NA,4.351,2.02342470355278,8.80392088515813,NA,5.44130893640678,1.08983077159463,0.177891232071139,0.0253003089127306,0.0221471674320028,1.14237222391571,0.76491102075664,1.51229552233759,2.22431285850386,0.689856399213065,0.667991792219563,0.642274312004561,0.342753719396055,0.132394047557049,0.0400564111447414,0.393611107861484,0.291426785126499,NA,0.316331926645862,NA,NA,NA,NA,NA,NA,NA,NA,NA,NA,NA,NA,NA,NA,NA,NA,NA,NA,NA,NA,NA,NA,0.2574,NA,NA,NA,NA,NA,NA,NA,NA,NA,NA,NA,NA,NA,NA,NA,NA,NA
"213","Copy of Results_DOC samples shipped Jan22 2018.xlsx","Combined","Iskwao Creek","Iskwao Creek",2017-05-25,NA,NA,NA,NA,NA,NA,NA,NA,NA,"WSA 021",NA,NA,"2018_WSA_021","X",NA,"x",NA,NA,30.27,2.20704613037335,66.8072863664012,NA,45.9728164473948,12.2530649835984,2.27741097702106,0.0192852380626621,0.0196198818531274,0.982943638857237,0.668227762493178,1.57990248661931,6.70993450119339,0.870297212013252,6.59374263546182,0.756568371979578,3.73852363414882,1.4574016534862,0.36179275765072,3.87193656728484,2.00599412586,NA,1.43650398271611,NA,NA,NA,NA,NA,NA,NA,NA,NA,NA,NA,NA,NA,NA,NA,NA,NA,NA,NA,NA,NA,NA,1.858,NA,NA,NA,NA,NA,NA,NA,NA,NA,NA,NA,NA,NA,NA,NA,NA,NA
"214","Copy of Results_DOC samples shipped Jan22 2018.xlsx","Combined","Ridge Creek","Ridge Creek",2017-05-25,NA,NA,NA,NA,NA,NA,NA,NA,NA,"WSA 022",NA,NA,"2018_WSA_022","X",NA,"x",NA,NA,23.12,1.98031325062866,45.7848423545346,NA,31.2269553957112,7.97212032777536,1.49974484956401,0.0199425588808424,0.0200757317151044,0.993366476691765,0.688368321843713,1.61266445081672,8.27695917019923,0.892206057862975,4.6139053151931,0.542366351168162,2.69047269762124,1.01240891870162,0.257109066287112,2.77288462632186,1.49626774784794,NA,0.976619189941234,NA,NA,NA,NA,NA,NA,NA,NA,NA,NA,NA,NA,NA,NA,NA,NA,NA,NA,NA,NA,NA,NA,1.388,NA,NA,NA,NA,NA,NA,NA,NA,NA,NA,NA,NA,NA,NA,NA,NA,NA
"215","Copy of Results_DOC samples shipped Jan22 2018.xlsx","Combined","0.5 mi Below Outlet","Buffalo Pound Outlet",2017-05-25,NA,NA,NA,NA,NA,NA,NA,NA,NA,"WSA 023",NA,NA,"2018_WSA_023","X",NA,"x",NA,NA,7.918,1.4898724765852,11.7968102696016,NA,7.74238477385045,1.65172271076756,0.40456990390066,0.0248262160860106,0.0178263770105932,1.39266751013163,0.782116419203896,1.64358307663892,2.6990583689365,0.729660929819957,0.870719714843429,0.453365930711124,0.474351829895168,0.186835476314217,0.0612255340098701,0.527174780779504,0.455572811086636,NA,0.564138067784115,NA,NA,NA,NA,NA,NA,NA,NA,NA,NA,NA,NA,NA,NA,NA,NA,NA,NA,NA,NA,NA,NA,0.531,NA,NA,NA,NA,NA,NA,NA,NA,NA,NA,NA,NA,NA,NA,NA,NA,NA
"216","Copy of Results_DOC samples shipped Jan22 2018.xlsx","Combined","Method Blank","Method Blank",2017-05-26,NA,NA,NA,NA,NA,NA,NA,NA,NA,"WSA 024",NA,NA,"2018_WSA_024","X",NA,"x","yes",NA,0.5048,1.2499543685341,0.630976965236016,NA,0.273457096836989,-0.101008238965402,-0.0898320037505294,NA,NA,NA,0.859049201678004,1.41755146740649,0.0289145324159991,0.0281019768941398,0.0374609303227482,1.11474039138178,0.0130518394734453,0.00405053532694572,0.00285411970966221,0.030696843475825,0.038919589946338,NA,0.214088317736971,NA,NA,NA,NA,NA,NA,NA,NA,NA,NA,NA,NA,NA,NA,NA,NA,NA,NA,NA,NA,NA,NA,0.03646,NA,NA,NA,NA,NA,NA,NA,NA,NA,NA,NA,NA,NA,NA,NA,NA,NA
"217","Copy of Results_DOC samples shipped Jan22 2018.xlsx","Combined","Method Blank","Method Blank",2017-06-12,NA,NA,NA,NA,NA,NA,NA,NA,NA,"WSA 026",NA,NA,"2018_WSA_026","X",NA,"x","yes",NA,0.335,1.59449164171961,0.53415469997607,NA,0.215653375837063,-0.0814962052923075,-0.0550690103264451,NA,NA,NA,1.40088932831193,1.02246346800442,0.00790914222164027,0.00784707856127476,0.0393965918696984,0.881955899868376,0.00597640347637692,0.00277763427912609,0.0114801346692498,0.0123686435595644,0.0193644008675799,NA,0.139897454542828,NA,NA,NA,NA,NA,NA,NA,NA,NA,NA,NA,NA,NA,NA,NA,NA,NA,NA,NA,NA,NA,NA,0.03646,NA,NA,NA,NA,NA,NA,NA,NA,NA,NA,NA,NA,NA,NA,NA,NA,NA
"218","Copy of Results_DOC samples shipped Jan22 2018.xlsx","Combined","Opposite WTP Intake","Buffalo Pound Lake Opp WTP",2017-06-12,NA,NA,NA,NA,NA,NA,NA,NA,NA,"WSA 027",NA,NA,"2018_WSA_027","X",NA,"x",NA,NA,6.517,1.66964528258573,10.8810783066112,NA,6.7089855726948,1.27527901825794,0.184527899608771,0.0258691965632279,0.0226502160910189,1.14211698728497,0.771654016552772,1.57855124051734,3.82930037695479,0.792930668638473,0.82380348312239,0.169540363554542,0.441335406200062,0.180065811906736,0.0530985729283977,0.485729683751836,0.334573737758249,NA,0.262131125818055,NA,NA,NA,NA,NA,NA,NA,NA,NA,NA,NA,NA,NA,NA,NA,NA,NA,NA,NA,NA,NA,NA,0.3946,NA,NA,NA,NA,NA,NA,NA,NA,NA,NA,NA,NA,NA,NA,NA,NA,NA
"219","Copy of Results_DOC samples shipped Jan22 2018.xlsx","Combined","0.5 mi Above Outlet","Buffalo Pound Lake 0.5 mi above outlet",2017-06-12,NA,NA,NA,NA,NA,NA,NA,NA,NA,"WSA 028",NA,NA,"2018_WSA_028","X",NA,"x",NA,NA,7.333,1.59051909894532,11.663276552566,NA,6.98631321427603,1.33961767559855,0.232967588763459,0.0262822829569328,0.0214467109184163,1.22546916666668,0.800358179111592,1.5854491123669,3.37337511515598,0.771343647944927,0.809878008928766,0.247209915886563,0.443019690084514,0.17447898753222,0.0520984669761906,0.476600818882274,0.346200276044348,NA,0.321832678718512,NA,NA,NA,NA,NA,NA,NA,NA,NA,NA,NA,NA,NA,NA,NA,NA,NA,NA,NA,NA,NA,NA,0.488,NA,NA,NA,NA,NA,NA,NA,NA,NA,NA,NA,NA,NA,NA,NA,NA,NA
"220","Copy of Results_DOC samples shipped Jan22 2018.xlsx","Combined","Opposite Parkview","Buffalo Pound Lake Opp Parkview",2017-06-12,NA,NA,NA,NA,NA,NA,NA,NA,NA,"WSA 029",NA,NA,"2018_WSA_029","X",NA,"x",NA,NA,6.592,1.59798521916757,10.5339185647526,NA,6.5550319029092,1.22237176642283,0.176406052909052,0.025841830765199,0.0224824917568764,1.14942022639884,0.770308643147614,1.60124441190068,3.83306134199491,0.793091804709593,0.780422897231966,0.182261956130315,0.422667963738896,0.168524265314018,0.0502252907883613,0.462683976853391,0.314648993590239,NA,0.256954077070506,NA,NA,NA,NA,NA,NA,NA,NA,NA,NA,NA,NA,NA,NA,NA,NA,NA,NA,NA,NA,NA,NA,0.3804,NA,NA,NA,NA,NA,NA,NA,NA,NA,NA,NA,NA,NA,NA,NA,NA,NA
"221","Copy of Results_DOC samples shipped Jan22 2018.xlsx","Combined","Opposite Sun Valley","Buffalo Pound Lake Opp Sun Valley",2017-06-12,NA,NA,NA,NA,NA,NA,NA,NA,NA,"WSA 030",NA,NA,"2018_WSA_030","X",NA,"x",NA,NA,6.777,1.61338564953069,10.9339145468695,NA,6.84893147130379,1.32248149753699,0.218485538436431,0.0255109872122238,0.0217135736869244,1.17488662069414,0.78261773817189,1.59873955223706,3.48880763160433,0.777223690104405,0.807642466814729,0.208044633040254,0.438220605580423,0.176719514578002,0.0519517885150718,0.486107754256781,0.350629003941449,NA,0.336529397885844,NA,NA,NA,NA,NA,NA,NA,NA,NA,NA,NA,NA,NA,NA,NA,NA,NA,NA,NA,NA,NA,NA,0.3987,NA,NA,NA,NA,NA,NA,NA,NA,NA,NA,NA,NA,NA,NA,NA,NA,NA
"222","Copy of Results_DOC samples shipped Jan22 2018.xlsx","Combined","Opposite South Lake","Buffalo Pound Lake Opp South Lake",2017-06-12,NA,NA,NA,NA,NA,NA,NA,NA,NA,"WSA 031",NA,NA,"2018_WSA_031","X",NA,"x",NA,NA,6.836,1.73639622930525,11.8700046235307,NA,7.52780366793312,1.57010065347298,0.283145006555372,0.0243047506205424,0.0205873736248736,1.18056586835231,0.769352509914405,1.56503241935741,4.18773971708857,0.807237823303669,0.904403880447572,0.241627317976364,0.487697130266181,0.198073179671924,0.0589675013859216,0.532205235021246,0.367365699807689,NA,0.321764229277091,NA,NA,NA,NA,NA,NA,NA,NA,NA,NA,NA,NA,NA,NA,NA,NA,NA,NA,NA,NA,NA,NA,0.4113,NA,NA,NA,NA,NA,NA,NA,NA,NA,NA,NA,NA,NA,NA,NA,NA,NA
"223","Copy of Results_DOC samples shipped Jan22 2018.xlsx","Combined","0.5 mi Below Causeway","Buffalo Pound Lake 0.5 mi below Causeway",2017-06-12,NA,NA,NA,NA,NA,NA,NA,NA,NA,"WSA 032",NA,NA,"2018_WSA_032","X",NA,"x",NA,NA,6.622,1.78667575416883,11.831366844106,NA,7.70203495465987,1.65264173866101,0.313600203240264,0.0239176897151036,0.019952150560659,1.19875246742894,0.755419536654214,1.56022298790123,4.72276524727851,0.825259300916536,0.938406768168448,0.229541657102201,0.504354212708617,0.207622576378174,0.0621923277396443,0.557699277335482,0.372513681966644,NA,0.337557799131059,NA,NA,NA,NA,NA,NA,NA,NA,NA,NA,NA,NA,NA,NA,NA,NA,NA,NA,NA,NA,NA,NA,0.383,NA,NA,NA,NA,NA,NA,NA,NA,NA,NA,NA,NA,NA,NA,NA,NA,NA
"224","Copy of Results_DOC samples shipped Jan22 2018.xlsx","Combined","Upstream of Causeway West","Buffalo Pound Lake US Causeway West",2017-06-12,NA,NA,NA,NA,NA,NA,NA,NA,NA,"WSA 033",NA,NA,"2018_WSA_033","X",NA,"x",NA,NA,5.721,2.08195332901168,11.9108549952758,NA,7.54881855863931,1.68988943630189,0.318322480724502,0.0228967166441629,0.0202238547924565,1.13216381738972,0.74493347942779,1.53378043311682,3.94241084644352,0.79766959262005,0.9139142502475,0.232151218194728,0.483474856302309,0.197322111687637,0.0605544121785861,0.528397601172551,0.364635998443429,NA,0.317732846695669,NA,NA,NA,NA,NA,NA,NA,NA,NA,NA,NA,NA,NA,NA,NA,NA,NA,NA,NA,NA,NA,NA,0.3194,NA,NA,NA,NA,NA,NA,NA,NA,NA,NA,NA,NA,NA,NA,NA,NA,NA
"225","Copy of Results_DOC samples shipped Jan22 2018.xlsx","Combined","Upstream of Causeway Centre","Buffalo Pound Lake US Causeway",2017-06-12,NA,NA,NA,NA,NA,NA,NA,NA,NA,"WSA 034",NA,NA,"2018_WSA_034","X",NA,"x",NA,NA,5.638,2.08947691642778,11.7804708548198,NA,7.416941720403,1.64226730075642,0.30184623855404,0.0233796300617153,0.0204459304544208,1.1434857471434,0.73633367604113,1.51797634472769,4.20736777440573,0.807964399035726,0.896866135698568,0.190840796691784,0.483069376538593,0.196927355058008,0.0595415393812315,0.529158790487412,0.355185070057642,NA,0.302731706636035,NA,NA,NA,NA,NA,NA,NA,NA,NA,NA,NA,NA,NA,NA,NA,NA,NA,NA,NA,NA,NA,NA,0.2959,NA,NA,NA,NA,NA,NA,NA,NA,NA,NA,NA,NA,NA,NA,NA,NA,NA
"226","Copy of Results_DOC samples shipped Jan22 2018.xlsx","Combined","Upstream of Causeway East","Buffalo Pound Lake US Causeway East",2017-06-12,NA,NA,NA,NA,NA,NA,NA,NA,NA,"WSA 035",NA,NA,"2018_WSA_035","X",NA,"x",NA,NA,5.613,2.11505179606346,11.8717857313042,NA,7.39519442887193,1.6709113644488,0.338630947982296,0.0234279454794061,0.0197155394555927,1.18829847553374,0.74922689805079,1.55866042024495,3.56788212392924,0.781080165190469,0.887077136341729,0.221668627905073,0.464166705293844,0.198522325306785,0.0586344955561165,0.515571314964333,0.361954578253852,NA,0.333399174864405,NA,NA,NA,NA,NA,NA,NA,NA,NA,NA,NA,NA,NA,NA,NA,NA,NA,NA,NA,NA,NA,NA,0.3046,NA,NA,NA,NA,NA,NA,NA,NA,NA,NA,NA,NA,NA,NA,NA,NA,NA
"227","Copy of Results_DOC samples shipped Jan22 2018.xlsx","Combined","1.5 km below Qu'Appelle R. Inflow West","Buffalo Pound Lake below Qu'Appelle West",2017-06-12,NA,NA,NA,NA,NA,NA,NA,NA,NA,"WSA 036",NA,NA,"2018_WSA_036","X",NA,"x",NA,NA,4.816,2.18415012911294,10.5188670218079,NA,6.97780137866077,1.78555998161181,0.464404522319726,0.0210862553720168,0.0166356613521183,1.26753333851268,0.72965952308088,1.54114916687549,2.8811497516004,0.742344391739162,0.885711458359123,0.350510335933618,0.457071214374911,0.187409151440881,0.0575232243473554,0.513531250637044,0.370414633539491,NA,0.409011108492854,NA,NA,NA,NA,NA,NA,NA,NA,NA,NA,NA,NA,NA,NA,NA,NA,NA,NA,NA,NA,NA,NA,0.2512,NA,NA,NA,NA,NA,NA,NA,NA,NA,NA,NA,NA,NA,NA,NA,NA,NA
"228","Copy of Results_DOC samples shipped Jan22 2018.xlsx","Combined","1.5 km below Qu'Appelle R. Inflow Centre","Buffalo Pound Lake below Qu'Appelle",2017-06-12,NA,NA,NA,NA,NA,NA,NA,NA,NA,"WSA 037",NA,NA,"2018_WSA_037","X",NA,"x",NA,NA,4.559,2.30220793066822,10.4957659559164,NA,6.26887719036605,1.39376499448732,0.244233317030624,0.0240248068822605,0.0208919090464144,1.14995747056365,0.726411734588744,1.52607949230432,3.74592716675356,0.789293015913675,0.812895320445913,0.188754031718202,0.424192913987794,0.18230666018267,0.0573268395927651,0.473796656715915,0.309596861383032,NA,0.27168818542754,NA,NA,NA,NA,NA,NA,NA,NA,NA,NA,NA,NA,NA,NA,NA,NA,NA,NA,NA,NA,NA,NA,0.2203,NA,NA,NA,NA,NA,NA,NA,NA,NA,NA,NA,NA,NA,NA,NA,NA,NA
"229","Copy of Results_DOC samples shipped Jan22 2018.xlsx","Combined","1.5 km below Qu'Appelle R. Inflow East","Buffalo Pound Lake below Qu'Appelle East",2017-06-12,NA,NA,NA,NA,NA,NA,NA,NA,NA,"WSA 038",NA,NA,"2018_WSA_038","X",NA,"x",NA,NA,4.55,2.0264411785144,9.2203073622405,NA,6.01894638330174,1.40392480936439,0.284854655907614,0.022370659608732,0.0198977617167307,1.12428020433685,0.735987036683219,1.52334365808666,3.85908051953198,0.794199747054959,0.824849493401638,0.157128354224931,0.417433815344844,0.179313331518001,0.0574548748879402,0.470001855104166,0.290095243641972,NA,0.233037406565697,NA,NA,NA,NA,NA,NA,NA,NA,NA,NA,NA,NA,NA,NA,NA,NA,NA,NA,NA,NA,NA,NA,0.1997,NA,NA,NA,NA,NA,NA,NA,NA,NA,NA,NA,NA,NA,NA,NA,NA,NA
"230","Copy of Results_DOC samples shipped Jan22 2018.xlsx","Combined","Method Blank","Method Blank",2017-06-12,NA,NA,NA,NA,NA,NA,NA,NA,NA,"WTP 009",NA,NA,"WTP 009","X",NA,NA,"yes",NA,NA,NA,-0.0411916497413031,NA,-0.0500016694769142,-0.0692361301761916,-0.0523065486422274,NA,NA,NA,0.0219598885978776,1.04824051968192,-0.389650839015674,-0.638406446544915,0.00828658214154709,0.0153346584746329,0.00361887149779175,0.0020207790545979,0.00169528357808756,0.0050501464988679,0.00858403727533447,NA,-0.0036759011791594,NA,NA,NA,NA,NA,NA,NA,NA,NA,NA,NA,NA,NA,NA,NA,NA,NA,NA,NA,NA,NA,NA,NA,NA,NA,NA,NA,NA,NA,NA,NA,NA,NA,NA,NA,NA,NA,NA,NA,NA
"231","Copy of Results_DOC samples shipped Jan22 2018.xlsx","Combined","BPWTP Raw","BPWTP Raw",2017-06-12,NA,NA,NA,NA,NA,NA,NA,NA,NA,"WTP 010",NA,NA,"WTP 010","X",NA,NA,NA,NA,NA,NA,9.67899631706923,NA,6.23695214240395,1.2155385825266,0.182700568919502,0.0252602655358539,0.0217014984054679,1.16398716180305,0.780107262777776,1.57891698329892,6.55580680810533,0.867651459943726,0.809128751205212,0.108611386091744,0.449558665896864,0.178245229633252,0.0531630950864476,0.490860406275144,0.311843052330992,NA,0.186979136618477,NA,NA,NA,NA,NA,NA,NA,NA,NA,NA,NA,NA,NA,NA,NA,NA,NA,NA,NA,NA,NA,NA,NA,NA,NA,NA,NA,NA,NA,NA,NA,NA,NA,NA,NA,NA,NA,NA,NA,NA
"232","Copy of Results_DOC samples shipped Jan22 2018.xlsx","Combined","BPWTP Q2 D1","BPWTP Q2 D1",2017-06-13,NA,NA,NA,NA,NA,NA,NA,NA,NA,"WTP 012",NA,NA,"WTP 012","X",NA,NA,NA,NA,NA,NA,7.56213510213498,NA,5.08880611861551,1.10543037274099,0.172201382088527,0.0226716409259447,0.0215013100968604,1.05443067533151,0.747758098103196,1.52289722376241,6.79344642943007,0.871687063091402,0.710159353859631,0.0985520082409328,0.360265021781361,0.144062820810742,0.0424549539934024,0.414781188421289,0.264065886264065,NA,0.171912039954233,NA,NA,NA,NA,NA,NA,NA,NA,NA,NA,NA,NA,NA,NA,NA,NA,NA,NA,NA,NA,NA,NA,NA,NA,NA,NA,NA,NA,NA,NA,NA,NA,NA,NA,NA,NA,NA,NA,NA,NA
"233","Copy of Results_DOC samples shipped Jan22 2018.xlsx","Combined","BPWTP Q3","BPWTP Q3",2017-06-13,NA,NA,NA,NA,NA,NA,NA,NA,NA,"WTP 014",NA,NA,"WTP 014","X",NA,NA,NA,NA,NA,NA,7.7986171491276,NA,5.27516900041819,1.15931798061051,0.174124404576553,0.0223606587785756,0.0212430544105672,1.05261034248693,0.749922375752422,1.50677355778563,6.84079191409238,0.872461862149066,0.721334356614588,0.106970658857156,0.372467493178826,0.153750425216777,0.0467039537991178,0.417234947314767,0.264960279790385,NA,0.161768459403059,NA,NA,NA,NA,NA,NA,NA,NA,NA,NA,NA,NA,NA,NA,NA,NA,NA,NA,NA,NA,NA,NA,NA,NA,NA,NA,NA,NA,NA,NA,NA,NA,NA,NA,NA,NA,NA,NA,NA,NA
"234","Copy of Results_DOC samples shipped Jan22 2018.xlsx","Combined","BPWTP Q5","BPWTP Q5",2017-06-13,NA,NA,NA,NA,NA,NA,NA,NA,NA,"WTP 015",NA,NA,"WTP 015","X",NA,NA,NA,NA,NA,NA,8.16830938862992,NA,5.56673789595031,1.28056797705653,0.212792593187234,0.0219404683716463,0.0206968695359178,1.06008632530491,0.739688997133,1.52906675990307,7.99432277987658,0.888818755511271,0.791926824428854,0.0870561826814304,0.409206401320999,0.182430985713991,0.0587689680225032,0.456318081636709,0.263642475313998,NA,0.145675138405674,NA,NA,NA,NA,NA,NA,NA,NA,NA,NA,NA,NA,NA,NA,NA,NA,NA,NA,NA,NA,NA,NA,NA,NA,NA,NA,NA,NA,NA,NA,NA,NA,NA,NA,NA,NA,NA,NA,NA,NA
"235","Copy of Results_DOC samples shipped Jan22 2018.xlsx","Combined","BPWTP Q6","BPWTP Q6",2017-06-13,NA,NA,NA,NA,NA,NA,NA,NA,NA,"WTP 016",NA,NA,"WTP 016","X",NA,NA,NA,NA,NA,NA,10.4238111144039,NA,7.01299300813296,1.5902122876314,0.256462928160745,0.0224374301411205,0.0207851356695926,1.07949404313705,0.751654537871485,1.52949486982575,7.40116646124482,0.880968910137292,0.957867150788217,0.127109465356651,0.520283253924554,0.21674506175754,0.0652421400305058,0.557381400613549,0.348333043196225,NA,0.211960891849322,NA,NA,NA,NA,NA,NA,NA,NA,NA,NA,NA,NA,NA,NA,NA,NA,NA,NA,NA,NA,NA,NA,NA,NA,NA,NA,NA,NA,NA,NA,NA,NA,NA,NA,NA,NA,NA,NA,NA,NA
"236","Copy of Results_DOC samples shipped Jan22 2018.xlsx","Combined","Method Blank","Method Blank",2017-06-13,NA,NA,NA,NA,NA,NA,NA,NA,NA,"WTP 028",NA,NA,"WTP 028","X",NA,NA,"yes",NA,NA,NA,0.0744097455622826,NA,0.0153153260098863,-0.0966155277259884,-0.073443653925929,NA,NA,NA,1.35189607173367,1.36149024817495,-0.136651181198766,-0.158280382416585,0.0193350279808461,0.0320573983639907,0.00364672154765288,0.00373581630980612,0.00191068007736092,0.00771090988168889,0.0091275856574805,NA,0.0177019053645937,NA,NA,NA,NA,NA,NA,NA,NA,NA,NA,NA,NA,NA,NA,NA,NA,NA,NA,NA,NA,NA,NA,NA,NA,NA,NA,NA,NA,NA,NA,NA,NA,NA,NA,NA,NA,NA,NA,NA,NA
"237","Copy of Results_DOC samples shipped Jan22 2018.xlsx","Combined","BPWTP Q2 D1","BPWTP Q2 D1",2017-06-13,NA,NA,NA,NA,NA,NA,NA,NA,NA,"WTP 030",NA,NA,"WTP 030","X","yes",NA,NA,NA,NA,NA,7.63653031354247,NA,5.1448087237438,1.11907448372951,0.187520004398159,0.0230581007580534,0.0213063262590357,1.08221851471343,0.7455869569098,1.49446838219998,6.58158985581034,0.868101543473283,0.684998567008115,0.094641524049528,0.35712400145629,0.141178170428505,0.0418800574969232,0.404338394021897,0.261702407726852,NA,0.166492238069303,NA,NA,NA,NA,NA,NA,NA,NA,NA,NA,NA,NA,NA,NA,NA,NA,NA,NA,NA,NA,NA,NA,NA,NA,NA,NA,NA,NA,NA,NA,NA,NA,NA,NA,NA,NA,NA,NA,NA,NA
"238","Copy of Results_DOC samples shipped Jan22 2018.xlsx","Combined","BPWTP Q2 D2","BPWTP Q2 D2",2017-06-13,NA,NA,NA,NA,NA,NA,NA,NA,NA,"WTP 031",NA,NA,"WTP 031","X","yes",NA,NA,NA,NA,NA,7.50899161335319,NA,5.06378799711484,1.08346682607822,0.159198891828562,0.0230744599658774,0.0221980023651264,1.03948362498276,0.758983252260729,1.52107955112691,6.95305754810791,0.874262194891585,0.687228282495686,0.0825153171376897,0.349759467653272,0.141645161243686,0.0426517506702526,0.399326502219371,0.246788026997751,NA,0.139843445147338,NA,NA,NA,NA,NA,NA,NA,NA,NA,NA,NA,NA,NA,NA,NA,NA,NA,NA,NA,NA,NA,NA,NA,NA,NA,NA,NA,NA,NA,NA,NA,NA,NA,NA,NA,NA,NA,NA,NA,NA
"239","Copy of Results_DOC samples shipped Jan22 2018.xlsx","Combined","BPWTP Q3","BPWTP Q3",2017-06-13,NA,NA,NA,NA,NA,NA,NA,NA,NA,"WTP 032",NA,NA,"WTP 032","X","yes",NA,NA,NA,NA,NA,8.02484889790177,NA,5.45658177321314,1.25250032350566,0.247017102734957,0.0223601050881991,0.0183456878926121,1.21882075063555,0.761249737767901,1.50149274767066,6.67704943002005,0.869741622857131,0.70897777519397,0.102259080598491,0.366422475067518,0.15436419380333,0.0467798124765001,0.413460559167638,0.26322827420835,NA,0.163570958683434,NA,NA,NA,NA,NA,NA,NA,NA,NA,NA,NA,NA,NA,NA,NA,NA,NA,NA,NA,NA,NA,NA,NA,NA,NA,NA,NA,NA,NA,NA,NA,NA,NA,NA,NA,NA,NA,NA,NA,NA
"240","Copy of Results_DOC samples shipped Jan22 2018.xlsx","Combined","BPWTP Q5","BPTWP Q5",2017-06-13,NA,NA,NA,NA,NA,NA,NA,NA,NA,"WTP 033",NA,NA,"WTP 033","X","yes",NA,NA,NA,NA,NA,8.25370342071428,NA,5.59874171791165,1.21950873299187,0.16410884185327,0.0228146738823377,0.022495317230738,1.01419658359667,0.717193428901398,1.53058903520708,7.49823971829078,0.882328572369205,0.801063682440589,0.0879621102363594,0.404154177350107,0.179705514416397,0.0586314469157221,0.452078169378237,0.272363110084686,NA,0.15493941311239,NA,NA,NA,NA,NA,NA,NA,NA,NA,NA,NA,NA,NA,NA,NA,NA,NA,NA,NA,NA,NA,NA,NA,NA,NA,NA,NA,NA,NA,NA,NA,NA,NA,NA,NA,NA,NA,NA,NA,NA
"241","Copy of Results_DOC samples shipped Jan22 2018.xlsx","Combined","BPWTP Q6","BPWTP Q6",2017-06-13,NA,NA,NA,NA,NA,NA,NA,NA,NA,"WTP 034",NA,NA,"WTP 034","X","yes",NA,NA,NA,NA,NA,10.4849366786747,NA,7.07092511556404,1.60244992516257,0.273667104812312,0.0226114605458062,0.0204488007486819,1.10575973739016,0.756780595625558,1.56807809890779,7.14803367326372,0.877271003029686,0.946994627510474,0.126020304047511,0.516336637857731,0.21321370538211,0.066716878102182,0.556963428840401,0.343792609832772,NA,0.210202984238819,NA,NA,NA,NA,NA,NA,NA,NA,NA,NA,NA,NA,NA,NA,NA,NA,NA,NA,NA,NA,NA,NA,NA,NA,NA,NA,NA,NA,NA,NA,NA,NA,NA,NA,NA,NA,NA,NA,NA,NA
"242","Copy of Results_DOC samples shipped Jan22 2018.xlsx","Combined","Qu'Appelle River at Hwy 19","Qu'Appelle River at Hwy 19",2017-06-19,NA,NA,NA,NA,NA,NA,NA,NA,NA,"WSA 052",NA,NA,"2018_WSA_052","X",NA,"x","yes",NA,4.552,2.30379712073504,10.4868844935859,NA,6.43578218660314,1.49900113675664,0.297003153664037,0.0228901802690185,0.0197027102608389,1.16177825111275,0.738153168892702,1.53527501566107,2.06150746611384,0.673363527259543,0.780256220943759,0.968435766263746,0.406204528165643,0.154015514702989,0.0424053855946183,0.467617208046412,0.328540797246091,NA,0.411213016048859,NA,NA,NA,NA,NA,NA,NA,NA,NA,NA,NA,NA,NA,NA,NA,NA,NA,NA,NA,NA,NA,NA,0.3701,NA,NA,NA,NA,NA,NA,NA,NA,NA,NA,NA,NA,NA,NA,NA,NA,NA
"243","Copy of Results_DOC samples shipped Jan22 2018.xlsx","Combined","Qu'Appelle River at Marquis","Qu'Appelle River at Marquis",2017-06-19,NA,NA,NA,NA,NA,NA,NA,NA,NA,"WSA 053",NA,NA,"2018_WSA_053","X",NA,"x",NA,NA,4.342,2.18361297307926,9.48124752911016,NA,6.3603979594009,1.60527476197455,0.37898535212463,0.0212351179117039,0.0162926407899549,1.30335641627821,0.722484050489966,1.5691084934347,2.6372355091513,0.725065919574359,0.853264459024665,0.224145576608058,0.4471086255937,0.189443740665307,0.062309429292888,0.502451400141403,0.344017316083149,NA,0.388847280625256,NA,NA,NA,NA,NA,NA,NA,NA,NA,NA,NA,NA,NA,NA,NA,NA,NA,NA,NA,NA,NA,NA,0.2223,NA,NA,NA,NA,NA,NA,NA,NA,NA,NA,NA,NA,NA,NA,NA,NA,NA
"244","Copy of Results_DOC samples shipped Jan22 2018.xlsx","Combined","0.5 mi Below Outlet","Buffalo Pound Outlet",2017-06-19,NA,NA,NA,NA,NA,NA,NA,NA,NA,"WSA 054",NA,NA,"2018_WSA_054","X",NA,"x",NA,NA,6.954,1.59289664044954,11.0770032376861,NA,6.90415615881842,1.38647979665333,0.324459069558926,0.025201298742002,0.0199092159080851,1.26581071089635,0.776993499402465,1.62827792363843,3.19583111662417,0.76166819583421,0.866266075588719,0.291695718038939,0.475385119414547,0.183239762573351,0.053772602229969,0.520403840202144,0.365086085344414,NA,0.365656532709978,NA,NA,NA,NA,NA,NA,NA,NA,NA,NA,NA,NA,NA,NA,NA,NA,NA,NA,NA,NA,NA,NA,0.4007,NA,NA,NA,NA,NA,NA,NA,NA,NA,NA,NA,NA,NA,NA,NA,NA,NA
"245","Copy of Results_DOC samples shipped Jan22 2018.xlsx","Combined","Ridge Creek","Ridge Creek",2017-06-19,NA,NA,NA,NA,NA,NA,NA,NA,NA,"WSA 055",NA,NA,"2018_WSA_055","X",NA,"x",NA,NA,15.03,2.11793427538789,31.83255215908,NA,21.9816596275782,5.93704635629458,1.1496878742179,0.0194879583514174,0.0192093246286055,1.01450512853518,0.680605686316901,1.5916256178308,6.82187627632687,0.872153436762158,3.28208439878916,0.368573104812868,1.85224603702107,0.721964335206016,0.181224311287854,1.93675865277702,1.01378581942167,NA,0.769559531230694,NA,NA,NA,NA,NA,NA,NA,NA,NA,NA,NA,NA,NA,NA,NA,NA,NA,NA,NA,NA,NA,NA,0.8159,NA,NA,NA,NA,NA,NA,NA,NA,NA,NA,NA,NA,NA,NA,NA,NA,NA
"246","Copy of Results_DOC samples shipped Jan22 2018.xlsx","Combined","Iskwao Creek","Iskwao Creek",2017-06-19,NA,NA,NA,NA,NA,NA,NA,NA,NA,"WSA 056",NA,NA,"2018_WSA_056","X",NA,"x",NA,NA,36.4,2.2356412364762,81.3773410077338,NA,55.1979147628238,14.22146518275,2.85301617210684,0.0202361135342436,0.0187574410881029,1.07883124564781,0.696400166842234,1.59117664374725,7.61162311242913,0.883877872156678,7.63836321322424,0.973504805159696,4.24813896790962,1.6041702302208,0.390152384063318,4.433161089817,2.47441327055546,NA,1.71250015651519,NA,NA,NA,NA,NA,NA,NA,NA,NA,NA,NA,NA,NA,NA,NA,NA,NA,NA,NA,NA,NA,NA,2.322,NA,NA,NA,NA,NA,NA,NA,NA,NA,NA,NA,NA,NA,NA,NA,NA,NA
"247","Copy of Results_DOC samples shipped Jan22 2018.xlsx","Combined","Method Blank","Method Blank",2017-06-20,NA,NA,NA,NA,NA,NA,NA,NA,NA,"WSA 051",NA,NA,"2018_WSA_051","X",NA,"x","yes",NA,0.503,1.0517686866533,0.529039649386608,NA,0.269566701230008,0.022045233177032,0.0130666390910225,0.0703570412883024,0.0459312030716171,1.53179182305763,0.80440859025413,-0.0895925314746348,0.0192677729621325,0.0189035437725434,0.0344339238665056,1.14319455797953,0.00763847805015422,0.00397351011905798,0.00201661815598895,0.0201882937923513,0.0226889974968521,NA,0.180893680843682,NA,NA,NA,NA,NA,NA,NA,NA,NA,NA,NA,NA,NA,NA,NA,NA,NA,NA,NA,NA,NA,NA,0.03646,NA,NA,NA,NA,NA,NA,NA,NA,NA,NA,NA,NA,NA,NA,NA,NA,NA
"248","Copy of Results_DOC samples shipped Jan22 2018.xlsx","Combined","BPWTP Raw","Raw",2017-07-04,NA,NA,NA,NA,NA,NA,NA,NA,NA,"WTP 017",NA,NA,"WTP 017","X",NA,NA,NA,NA,NA,NA,9.9352024579138,NA,6.465145140977,1.32968995037278,0.251331462442879,0.0250049456647778,0.019976303482047,1.25173036579315,0.788524796967246,1.57769607830407,6.12210399861183,0.859592053107493,0.81972096212127,0.128221416627071,0.448787535076085,0.182311813369713,0.0550093877940749,0.491897630701447,0.325043190356428,NA,0.221099937519623,NA,NA,NA,NA,NA,NA,NA,NA,NA,NA,NA,NA,NA,NA,NA,NA,NA,NA,NA,NA,NA,NA,NA,NA,NA,NA,NA,NA,NA,NA,NA,NA,NA,NA,NA,NA,NA,NA,NA,NA
"249","Copy of Results_DOC samples shipped Jan22 2018.xlsx","Combined","Method Blank","Method Blank",2017-07-04,NA,NA,NA,NA,NA,NA,NA,NA,NA,"WTP 039",NA,NA,"WTP 039","X",NA,NA,"yes",NA,NA,NA,0.0681783589498494,NA,0.000314438299790429,-0.0984264987360371,-0.0713338519633541,NA,NA,NA,0.267814034500409,0.421698101042697,0.0329193842882601,0.0318702357502405,0.0152714117980043,0.0692879960417895,0.00345623347863487,0.00415854206066049,0.00232980759298564,0.00854994290333909,0.0115388641440809,NA,0.017410345272273,NA,NA,NA,NA,NA,NA,NA,NA,NA,NA,NA,NA,NA,NA,NA,NA,NA,NA,NA,NA,NA,NA,NA,NA,NA,NA,NA,NA,NA,NA,NA,NA,NA,NA,NA,NA,NA,NA,NA,NA
"250","Copy of Results_DOC samples shipped Jan22 2018.xlsx","Combined","Method Blank","Method Blank",2017-07-04,NA,NA,NA,NA,NA,NA,NA,NA,NA,"WTP 040",NA,NA,"WTP 040","X","yes",NA,NA,NA,NA,NA,9.81320386100093,NA,6.36117046232781,1.2613503957224,0.207261202200458,0.0255871627517393,0.0217037086274317,1.17893043953784,0.786121597528478,1.59216669927317,6.53696885226168,0.86732066702121,0.80553705641089,0.111061050752721,0.441072778214028,0.178922505618643,0.0557468946670811,0.478030222097152,0.309005839648223,NA,0.194731416745054,NA,NA,NA,NA,NA,NA,NA,NA,NA,NA,NA,NA,NA,NA,NA,NA,NA,NA,NA,NA,NA,NA,NA,NA,NA,NA,NA,NA,NA,NA,NA,NA,NA,NA,NA,NA,NA,NA,NA,NA
"251","Copy of Results_DOC samples shipped Jan22 2018.xlsx","Combined","BPWTP Raw","Raw",2017-07-04,NA,NA,NA,NA,NA,NA,NA,NA,NA,"WTP 041",NA,NA,"WTP 041","X","yes",NA,"yes",NA,NA,NA,0.145421120746246,NA,0.0650155446281541,-0.0443982720872702,-0.0302699670756805,NA,NA,NA,0.450840888578436,4.58581884792299,0.00688612531847071,0.00683903089467309,0.0166805821491741,0.107137555851109,0.0042934453083468,0.00417181662813861,0.00254168079087136,0.00815519142590927,0.00974165833821041,NA,0.0180050324020948,NA,NA,NA,NA,NA,NA,NA,NA,NA,NA,NA,NA,NA,NA,NA,NA,NA,NA,NA,NA,NA,NA,NA,NA,NA,NA,NA,NA,NA,NA,NA,NA,NA,NA,NA,NA,NA,NA,NA,NA
"252","Copy of Results_DOC samples shipped Jan22 2018.xlsx","Combined","Opposite WTP Intake","Buffalo Pound Lake Opp WTP",2017-07-11,NA,NA,NA,NA,NA,NA,NA,NA,NA,"WSA 063",NA,NA,"2018_WSA_063","X",NA,"x",NA,NA,6.85,1.68867649291918,11.5674339764964,NA,7.36169910854411,1.67457255031393,0.459408670713664,0.0244274927806784,0.0168996174056304,1.4454464970633,0.78395721540824,1.65847626179894,3.00981552383391,0.750611968541668,0.860233333191558,0.358221115295586,0.478721868869721,0.184747583203488,0.0553141320002353,0.531585030957054,0.417771870243556,NA,0.48442951972402,NA,NA,NA,NA,NA,NA,NA,NA,NA,NA,NA,NA,NA,NA,NA,NA,NA,NA,NA,NA,NA,NA,0.4525,NA,NA,NA,NA,NA,NA,NA,NA,NA,NA,NA,NA,NA,NA,NA,NA,NA
"253","Copy of Results_DOC samples shipped Jan22 2018.xlsx","Combined","0.5 mi Above Outlet","Buffalo Pound Lake 0.5 mi above outlet",2017-07-11,NA,NA,NA,NA,NA,NA,NA,NA,NA,"WSA 064",NA,NA,"2018_WSA_064","X",NA,"x",NA,NA,7.183,1.580612221912,11.3535375899939,NA,7.23345302955481,1.6168303624114,0.415684157572374,0.0247654766258293,0.0174539237096428,1.4189059742565,0.780460425270258,1.61155676817045,3.12587167441982,0.757626974634247,0.87891209111477,0.307439903283285,0.474170975307152,0.187734804178614,0.0562395066565413,0.522017611666818,0.394316647151817,NA,0.411031034470499,NA,NA,NA,NA,NA,NA,NA,NA,NA,NA,NA,NA,NA,NA,NA,NA,NA,NA,NA,NA,NA,NA,0.4384,NA,NA,NA,NA,NA,NA,NA,NA,NA,NA,NA,NA,NA,NA,NA,NA,NA
"254","Copy of Results_DOC samples shipped Jan22 2018.xlsx","Combined","Opposite Parkview","Buffalo Pound Lake Opp Parkview",2017-07-11,NA,NA,NA,NA,NA,NA,NA,NA,NA,"WSA 065",NA,NA,"2018_WSA_065","X",NA,"x",NA,NA,6.611,1.68017947887132,11.1076665348183,NA,7.02568630253563,1.54493223791711,0.355425111523156,0.0246941965169784,0.018628384247345,1.32562202867905,0.772228924436598,1.61129807157948,3.24673280397828,0.764524860367195,0.851824850087085,0.268376945857779,0.463370396430928,0.183603858738317,0.0551445260698993,0.511738602665367,0.358739095569371,NA,0.34080297254845,NA,NA,NA,NA,NA,NA,NA,NA,NA,NA,NA,NA,NA,NA,NA,NA,NA,NA,NA,NA,NA,NA,0.4113,NA,NA,NA,NA,NA,NA,NA,NA,NA,NA,NA,NA,NA,NA,NA,NA,NA
"255","Copy of Results_DOC samples shipped Jan22 2018.xlsx","Combined","Opposite Sun Valley","Buffalo Pound Lake Opp Sun Valley",2017-07-11,NA,NA,NA,NA,NA,NA,NA,NA,NA,"WSA 066",NA,NA,"2018_WSA_066","X",NA,"x",NA,NA,6.329,1.73520524430667,10.9821139912169,NA,6.97446520840611,1.57937827240289,0.402626565868593,0.0242806864976963,0.0180453678017715,1.34553569450177,0.789857509224335,1.59293344993785,3.63319406202728,0.784166174217524,0.817275299478522,0.250284733489962,0.437011657646177,0.177488349995348,0.0537698400975841,0.488725875592518,0.33938309056032,NA,0.320433863255225,NA,NA,NA,NA,NA,NA,NA,NA,NA,NA,NA,NA,NA,NA,NA,NA,NA,NA,NA,NA,NA,NA,0.3615,NA,NA,NA,NA,NA,NA,NA,NA,NA,NA,NA,NA,NA,NA,NA,NA,NA
"256","Copy of Results_DOC samples shipped Jan22 2018.xlsx","Combined","Opposite South Lake","Buffalo Pound Lake Opp South Lake",2017-07-11,NA,NA,NA,NA,NA,NA,NA,NA,NA,"WSA 067",NA,NA,"2018_WSA_067","X",NA,"x",NA,NA,5.656,1.89441320433734,10.714801083732,NA,6.92355502175413,1.57161939073388,0.3681327469298,0.0238542845857868,0.0186800130087959,1.27699507353418,0.758694106700643,1.57572592635868,3.44348980452251,0.774951660971019,0.821851411109127,0.260022279812086,0.434426202093133,0.173530559019569,0.0527043211831721,0.485947779704274,0.331243461832894,NA,0.304579210434319,NA,NA,NA,NA,NA,NA,NA,NA,NA,NA,NA,NA,NA,NA,NA,NA,NA,NA,NA,NA,NA,NA,0.3488,NA,NA,NA,NA,NA,NA,NA,NA,NA,NA,NA,NA,NA,NA,NA,NA,NA
"257","Copy of Results_DOC samples shipped Jan22 2018.xlsx","Combined","0.5 mi Below Causeway","Buffalo Pound Lake 0.5 mi below Causeway",2017-07-11,NA,NA,NA,NA,NA,NA,NA,NA,NA,"WSA 068",NA,NA,"2018_WSA_068","X",NA,"x",NA,NA,5.012,2.14619277499844,10.7567181882922,NA,7.23649145785234,1.77076025461386,0.3869835641263,0.0221119359426604,0.0189724005582944,1.16547907971474,0.731453146314303,1.53327877403359,3.82438274438474,0.792719596892694,0.866107257337267,0.229772835701723,0.454455681162723,0.181352353946393,0.0529728200865575,0.501134529944301,0.338323406250766,NA,0.296391689439867,NA,NA,NA,NA,NA,NA,NA,NA,NA,NA,NA,NA,NA,NA,NA,NA,NA,NA,NA,NA,NA,NA,0.2559,NA,NA,NA,NA,NA,NA,NA,NA,NA,NA,NA,NA,NA,NA,NA,NA,NA
"258","Copy of Results_DOC samples shipped Jan22 2018.xlsx","Combined","Upstream of Causeway West","Buffalo Pound Lake US Causeway West",2017-07-11,NA,NA,NA,NA,NA,NA,NA,NA,NA,"WSA 069",NA,NA,"2018_WSA_069","X",NA,"x",NA,NA,4.852,2.23160944541486,10.8277690291529,NA,7.31524666413061,1.83020279155793,0.389054305377652,0.0217613736122647,0.0190474493772038,1.14248229152975,0.758886842884129,1.53499865108678,3.50429105666721,0.777989479938289,0.798361917321005,0.220332718807166,0.434370650195889,0.171812429477261,0.0479313983527528,0.479103676941964,0.328163921558715,NA,0.285743388880621,NA,NA,NA,NA,NA,NA,NA,NA,NA,NA,NA,NA,NA,NA,NA,NA,NA,NA,NA,NA,NA,NA,0.2687,NA,NA,NA,NA,NA,NA,NA,NA,NA,NA,NA,NA,NA,NA,NA,NA,NA
"259","Copy of Results_DOC samples shipped Jan22 2018.xlsx","Combined","Upstream of Causeway Centre","Buffalo Pound Lake US Causeway",2017-07-11,NA,NA,NA,NA,NA,NA,NA,NA,NA,"WSA 070",NA,NA,"2018_WSA_070","X",NA,"x",NA,NA,4.856,2.23655438234036,10.8607080806448,NA,7.36452645121031,1.80081949470994,0.354762715588434,0.0216067748366873,0.0198996397509124,1.08578723570594,0.723588179179224,1.5329973807543,4.13253486635776,0.805164499406579,0.908814581252631,0.204800612393299,0.479321241941953,0.194231784635663,0.0561361602882376,0.531471830918352,0.329982819122257,NA,0.270044003619466,NA,NA,NA,NA,NA,NA,NA,NA,NA,NA,NA,NA,NA,NA,NA,NA,NA,NA,NA,NA,NA,NA,0.2616,NA,NA,NA,NA,NA,NA,NA,NA,NA,NA,NA,NA,NA,NA,NA,NA,NA
"260","Copy of Results_DOC samples shipped Jan22 2018.xlsx","Combined","Upstream of Causeway East","Buffalo Pound Lake US Causeway East",2017-07-11,NA,NA,NA,NA,NA,NA,NA,NA,NA,"WSA 071",NA,NA,"2018_WSA_071","X",NA,"x",NA,NA,4.917,2.321562891318,11.4151247366106,NA,7.64203751793819,1.90910349855688,0.425668334527011,0.0217146190163879,0.0185335997292099,1.17163526425817,0.734664289501234,1.54125514055618,3.59433401330357,0.782340596677483,0.853333856787755,0.256526431504719,0.449061595990685,0.180149764708872,0.0520262285082498,0.497417393871951,0.343559452391789,NA,0.332424899411225,NA,NA,NA,NA,NA,NA,NA,NA,NA,NA,NA,NA,NA,NA,NA,NA,NA,NA,NA,NA,NA,NA,0.2602,NA,NA,NA,NA,NA,NA,NA,NA,NA,NA,NA,NA,NA,NA,NA,NA,NA
"261","Copy of Results_DOC samples shipped Jan22 2018.xlsx","Combined","1.5 km below Qu'Appelle R. Inflow West","Buffalo Pound Lake below Qu'Appelle West",2017-07-11,NA,NA,NA,NA,NA,NA,NA,NA,NA,"WSA 072",NA,NA,"2018_WSA_072","X",NA,"x",NA,NA,5.254,2.28058558548163,11.9821966661205,NA,8.36688556310421,2.2316488430156,0.522065525286117,0.0204266141599867,0.0179972979364851,1.13498227523237,0.757508103601512,1.55423387726563,3.4525483681703,0.775409514437025,0.903493538191093,0.286979161130967,0.505406499647967,0.205932615069116,0.0557430589134964,0.549002091331915,0.375497389507986,NA,0.351879162607252,NA,NA,NA,NA,NA,NA,NA,NA,NA,NA,NA,NA,NA,NA,NA,NA,NA,NA,NA,NA,NA,NA,0.2903,NA,NA,NA,NA,NA,NA,NA,NA,NA,NA,NA,NA,NA,NA,NA,NA,NA
"262","Copy of Results_DOC samples shipped Jan22 2018.xlsx","Combined","1.5 km below Qu'Appelle R. Inflow Centre","Buffalo Pound Lake below Qu'Appelle",2017-07-11,NA,NA,NA,NA,NA,NA,NA,NA,NA,"WSA 073",NA,NA,"2018_WSA_073","X",NA,"x",NA,NA,4.967,2.21919674096509,11.0227502123736,NA,7.61846505965251,1.94043151351869,0.423319476835271,0.0212809906555264,0.0189479982624264,1.12312606116955,0.707143524195661,1.54675983739299,4.10647134783767,0.804170055624918,0.91218812632416,0.242118987237135,0.487439545314288,0.20263886046652,0.0595316840971318,0.537093234302974,0.345939853480705,NA,0.311222465585772,NA,NA,NA,NA,NA,NA,NA,NA,NA,NA,NA,NA,NA,NA,NA,NA,NA,NA,NA,NA,NA,NA,0.2618,NA,NA,NA,NA,NA,NA,NA,NA,NA,NA,NA,NA,NA,NA,NA,NA,NA
"263","Copy of Results_DOC samples shipped Jan22 2018.xlsx","Combined","1.5 km below Qu'Appelle R. Inflow East","Buffalo Pound Lake below Qu'Appelle East",2017-07-11,NA,NA,NA,NA,NA,NA,NA,NA,NA,"WSA 074",NA,NA,"2018_WSA_074","X",NA,"x",NA,NA,4.827,2.20878009368272,10.6617815122065,NA,7.28833117395248,1.87860081698301,0.427448807472434,0.0211365397248943,0.0185290998448754,1.1407213465224,0.705952631960934,1.56044016012234,4.07123695819359,0.802809450979351,0.93520569843786,0.224505742527571,0.489924152245497,0.207098459374634,0.0625568621925372,0.542036793219583,0.344699786926653,NA,0.296833120741139,NA,NA,NA,NA,NA,NA,NA,NA,NA,NA,NA,NA,NA,NA,NA,NA,NA,NA,NA,NA,NA,NA,0.2432,NA,NA,NA,NA,NA,NA,NA,NA,NA,NA,NA,NA,NA,NA,NA,NA,NA
"264","Copy of Results_DOC samples shipped Jan22 2018.xlsx","Combined","Method Blank","Method Blank",2017-07-12,NA,NA,NA,NA,NA,NA,NA,NA,NA,"WSA 062",NA,NA,"2018_WSA_062","X",NA,"x","yes",NA,0.3283,1.78875143078698,0.587247094727364,NA,0.369811370594913,0.0914434802546215,0.0646561004052141,0.0491307523857483,0.0127249171501661,3.86098799748232,0.591085512351507,2.76251928711154,0.029605099945778,0.0287538396491403,0.0218915120808515,0.879746639343773,0.00940425358770795,0.00522242705855486,0.00362674237235797,0.0181630205793008,0.0166023292082022,NA,0.125279502215534,NA,NA,NA,NA,NA,NA,NA,NA,NA,NA,NA,NA,NA,NA,NA,NA,NA,NA,NA,NA,NA,NA,0.03646,NA,NA,NA,NA,NA,NA,NA,NA,NA,NA,NA,NA,NA,NA,NA,NA,NA
"265","Copy of Results_DOC samples shipped Jan22 2018.xlsx","Combined","Qu'Appelle River at Hwy 19","Qu'Appelle R at Hwy 19",2017-07-19,NA,NA,NA,NA,NA,NA,NA,NA,NA,"WSA 076",NA,NA,"2018_WSA_076","X",NA,"x",NA,NA,43.39,2.27974666307551,98.9182077108464,NA,66.7588727889592,16.3341535762331,3.04289107486734,0.0214591550235605,0.0198390697863774,1.08166135079052,0.701114144694347,1.59766217227642,8.35326811971689,0.89308549833058,8.62287428716624,1.01142668935323,4.75398118591652,1.78585589080358,0.43432527566388,4.95886391297816,2.78869938294104,NA,1.75097121380488,NA,NA,NA,NA,NA,NA,NA,NA,NA,NA,NA,NA,NA,NA,NA,NA,NA,NA,NA,NA,NA,NA,2.871,NA,NA,NA,NA,NA,NA,NA,NA,NA,NA,NA,NA,NA,NA,NA,NA,NA
"266","Copy of Results_DOC samples shipped Jan22 2018.xlsx","Combined","Qu'Appelle River at Marquis","Qu'Appelle R at Marquis",2017-07-19,NA,NA,NA,NA,NA,NA,NA,NA,NA,"WSA 077",NA,NA,"2018_WSA_077","X",NA,"x",NA,NA,4.77,2.28667403193558,10.9074351323327,NA,7.34173499833689,1.86705167735877,0.408843265501481,0.0213605804613387,0.0186561022938831,1.14496480158894,0.725472090047862,1.53162150835848,4.79005958697074,0.827290205743257,0.916297804754255,0.204065350062742,0.479947591462355,0.204555015383167,0.0605631723883207,0.534668515748203,0.343070644294053,NA,0.314929956391688,NA,NA,NA,NA,NA,NA,NA,NA,NA,NA,NA,NA,NA,NA,NA,NA,NA,NA,NA,NA,NA,NA,0.2325,NA,NA,NA,NA,NA,NA,NA,NA,NA,NA,NA,NA,NA,NA,NA,NA,NA
"267","Copy of Results_DOC samples shipped Jan22 2018.xlsx","Combined","0.5 mi Below Outlet","Buffalo Pound Outlet",2017-07-19,NA,NA,NA,NA,NA,NA,NA,NA,NA,"WSA 078",NA,NA,"2018_WSA_078","X",NA,"x",NA,NA,7.762,1.53593523966108,11.9219293302493,NA,7.64993944966472,1.68947605203127,0.430449861681947,0.025092146605832,0.0180729660868224,1.38838010790755,0.797949002077774,1.6381312301547,2.90491354294863,0.743912383974347,0.870255896904233,0.327985639740053,0.480007110165242,0.190236229351091,0.0553129592824304,0.530912437607618,0.414226258158572,NA,0.467523403060085,NA,NA,NA,NA,NA,NA,NA,NA,NA,NA,NA,NA,NA,NA,NA,NA,NA,NA,NA,NA,NA,NA,0.5006,NA,NA,NA,NA,NA,NA,NA,NA,NA,NA,NA,NA,NA,NA,NA,NA,NA
"268","Copy of Results_DOC samples shipped Jan22 2018.xlsx","Combined","Ridge Creek","Ridge Creek",2017-07-19,NA,NA,NA,NA,NA,NA,NA,NA,NA,"WSA 079",NA,NA,"2018_WSA_079","X",NA,"x",NA,NA,12.99,2.24245698527539,29.1295162387273,NA,20.4935437188049,5.73029049673069,1.14944440251706,0.0189735520095016,0.0189202099388467,1.00281931705976,0.684456136959379,1.60546864016366,9.77880268667127,0.907225317220384,2.94644609686288,0.275465060919818,1.6731124004603,0.687461553525878,0.180000484683209,1.7304778770321,0.892252653605588,NA,0.547896670843661,NA,NA,NA,NA,NA,NA,NA,NA,NA,NA,NA,NA,NA,NA,NA,NA,NA,NA,NA,NA,NA,NA,0.6971,NA,NA,NA,NA,NA,NA,NA,NA,NA,NA,NA,NA,NA,NA,NA,NA,NA
"269","Copy of Results_DOC samples shipped Jan22 2018.xlsx","Combined","Iskwao Creek","Iskwao Creek",2017-07-19,NA,NA,NA,NA,NA,NA,NA,NA,NA,"WSA 080",NA,NA,"2018_WSA_080","X",NA,"x","yes",NA,5.168,2.15891786502614,11.1572875264551,NA,7.42095055665689,1.87013878107523,0.479190843964946,0.0222015378728128,0.0180081985534491,1.23285723482655,0.730036055938502,1.55236176313957,2.67516062368311,0.727903049037939,0.858789502515189,0.724018250064988,0.463766377262382,0.174499018046434,0.0470134197977065,0.52015702696591,0.361930560700606,NA,0.417124268559393,NA,NA,NA,NA,NA,NA,NA,NA,NA,NA,NA,NA,NA,NA,NA,NA,NA,NA,NA,NA,NA,NA,0.3112,NA,NA,NA,NA,NA,NA,NA,NA,NA,NA,NA,NA,NA,NA,NA,NA,NA
"270","Copy of Results_DOC samples shipped Jan22 2018.xlsx","Combined","Method Blank","Method Blank",2017-07-20,NA,NA,NA,NA,NA,NA,NA,NA,NA,"WSA 075",NA,NA,"2018_WSA_075","X",NA,"x","yes",NA,0.3838,1.61320750406669,0.619149040060794,NA,0.370134547914784,0.00491476207264652,-0.0123787261887662,0.0861142920799112,NA,NA,0.760065512547831,41.7170886039376,0.0440043597439659,0.0421495938529966,0.0355759117950611,0.930353639021277,0.0117047038951773,0.00346929484826093,0.00237613448569563,0.027691256065627,0.0353901891356435,NA,0.168210367255022,NA,NA,NA,NA,NA,NA,NA,NA,NA,NA,NA,NA,NA,NA,NA,NA,NA,NA,NA,NA,NA,NA,0.03646,NA,NA,NA,NA,NA,NA,NA,NA,NA,NA,NA,NA,NA,NA,NA,NA,NA
"271","Copy of Results_DOC samples shipped Jan22 2018.xlsx","Combined","Method Blank","Method Blank",2017-07-31,NA,NA,NA,NA,NA,NA,NA,NA,NA,"WTP 018",NA,NA,"WTP 018","X",NA,NA,"yes",NA,NA,NA,0.054362784062683,NA,-0.00027973539441058,-0.0624104177649518,-0.0455999237218201,NA,NA,NA,-1.7117417881856,-0.043663836800139,-0.439820932907666,-0.785143463483205,0.0127649622185571,0.0228002874549332,0.0029912708195314,0.00246779984840677,0.00197481298588637,0.00496986173531134,0.00570519821411617,NA,0.00250111094741874,NA,NA,NA,NA,NA,NA,NA,NA,NA,NA,NA,NA,NA,NA,NA,NA,NA,NA,NA,NA,NA,NA,NA,NA,NA,NA,NA,NA,NA,NA,NA,NA,NA,NA,NA,NA,NA,NA,NA,NA
"272","Copy of Results_DOC samples shipped Jan22 2018.xlsx","Combined","BPWTP Raw","BPWTP Raw",2017-07-31,NA,NA,NA,NA,NA,NA,NA,NA,NA,"WTP 035",NA,NA,"WTP 035","X",NA,NA,NA,NA,NA,NA,10.6791335434204,NA,7.01189216444722,1.49191984862103,0.260511309511963,0.0246878831007708,0.0203991515290388,1.21024068406114,0.795102297957487,1.59781576839395,6.32322246513159,0.863448092043995,0.886175753986556,0.145825245140977,0.489876289198801,0.2067820726649,0.0633549869027179,0.531244908968138,0.348414708976626,NA,0.235361646299295,NA,NA,NA,NA,NA,NA,NA,NA,NA,NA,NA,NA,NA,NA,NA,NA,NA,NA,NA,NA,NA,NA,NA,NA,NA,NA,NA,NA,NA,NA,NA,NA,NA,NA,NA,NA,NA,NA,NA,NA
"273","Copy of Results_DOC samples shipped Jan22 2018.xlsx","Combined","Method Blank","Method Blank",2017-08-01,NA,NA,NA,NA,NA,NA,NA,NA,NA,"WTP 019",NA,NA,"WTP 019","X",NA,NA,"yes",NA,NA,NA,0.108133314657637,NA,0.0291154733960208,-0.0626432535851216,-0.0537946192802266,NA,NA,NA,0.851010025129328,1.95911902450511,0.363301329334986,0.266486448386435,0.0235961721850317,0.00793229182742946,0.00716217640917663,0.00440929890143034,0.00313461048688232,0.0168421149659247,0.0190483567814523,NA,0.0421690289647745,NA,NA,NA,NA,NA,NA,NA,NA,NA,NA,NA,NA,NA,NA,NA,NA,NA,NA,NA,NA,NA,NA,NA,NA,NA,NA,NA,NA,NA,NA,NA,NA,NA,NA,NA,NA,NA,NA,NA,NA
"274","Copy of Results_DOC samples shipped Jan22 2018.xlsx","Combined","BPWTP Q2 D1","BPWTP Q2 D1",2017-08-01,NA,NA,NA,NA,NA,NA,NA,NA,NA,"WTP 021",NA,NA,"WTP 021","X",NA,NA,NA,NA,NA,NA,9.73942075938878,NA,6.70792791149634,1.61997144121196,0.280317832947149,0.0210715674386977,0.0201182799638742,1.04738414399915,0.738446634738644,1.55200149595778,6.68242672167244,0.869832796819401,0.848313755865258,0.125635386685006,0.455278223373303,0.175259610567099,0.0474579342060379,0.502173702697094,0.311120559739376,NA,0.213501933608295,NA,NA,NA,NA,NA,NA,NA,NA,NA,NA,NA,NA,NA,NA,NA,NA,NA,NA,NA,NA,NA,NA,NA,NA,NA,NA,NA,NA,NA,NA,NA,NA,NA,NA,NA,NA,NA,NA,NA,NA
"275","Copy of Results_DOC samples shipped Jan22 2018.xlsx","Combined","BPWTP Q2 D2","BPWTP Q2 D2",2017-08-01,NA,NA,NA,NA,NA,NA,NA,NA,NA,"WTP 022",NA,NA,"WTP 022","X",NA,NA,NA,NA,NA,NA,9.63323248599723,NA,6.64754068717547,1.60690060497888,0.283281460577428,0.0210655291120264,0.0201945692605494,1.04312841934085,0.724583328222783,1.55496808822057,6.77740238971788,0.871422365734599,0.84588912899397,0.12056241542309,0.448847136646047,0.174285020765016,0.0476401636765406,0.497485320005091,0.313245952250135,NA,0.224717644841707,NA,NA,NA,NA,NA,NA,NA,NA,NA,NA,NA,NA,NA,NA,NA,NA,NA,NA,NA,NA,NA,NA,NA,NA,NA,NA,NA,NA,NA,NA,NA,NA,NA,NA,NA,NA,NA,NA,NA,NA
"276","Copy of Results_DOC samples shipped Jan22 2018.xlsx","Combined","BPWTP Q3","BPWTP Q3",2017-08-01,NA,NA,NA,NA,NA,NA,NA,NA,NA,"WTP 024",NA,NA,"WTP 024","X",NA,NA,NA,NA,NA,NA,10.8197836476609,NA,7.60069792785587,1.92282208026388,0.360027878450085,0.0203510791635229,0.0195563117310675,1.04063994496431,0.727457717097632,1.51384958463545,6.54211262399692,0.867411155222175,0.919143129216069,0.131125477645185,0.503873293979004,0.202263730251576,0.0570302017135199,0.5489213308265,0.338482938384086,NA,0.234294839978804,NA,NA,NA,NA,NA,NA,NA,NA,NA,NA,NA,NA,NA,NA,NA,NA,NA,NA,NA,NA,NA,NA,NA,NA,NA,NA,NA,NA,NA,NA,NA,NA,NA,NA,NA,NA,NA,NA,NA,NA
"277","Copy of Results_DOC samples shipped Jan22 2018.xlsx","Combined","BPWTP Q5","BPWTP Q5",2017-08-01,NA,NA,NA,NA,NA,NA,NA,NA,NA,"WTP 025",NA,NA,"WTP 025","X",NA,NA,NA,NA,NA,NA,9.85301909691692,NA,6.85861607225551,1.70606415181934,0.302832126423321,0.0207001419846137,0.0200001965867942,1.0349969258943,0.723593032196646,1.53855337808291,7.40555666883756,0.881031079867992,0.907800025654953,0.111908192265292,0.505658320097433,0.208163264022525,0.06163539311236,0.542457715139164,0.329305889407386,NA,0.21137904655312,NA,NA,NA,NA,NA,NA,NA,NA,NA,NA,NA,NA,NA,NA,NA,NA,NA,NA,NA,NA,NA,NA,NA,NA,NA,NA,NA,NA,NA,NA,NA,NA,NA,NA,NA,NA,NA,NA,NA,NA
"278","Copy of Results_DOC samples shipped Jan22 2018.xlsx","Combined","BPWTP Q6","BPWTP Q6",2017-08-01,NA,NA,NA,NA,NA,NA,NA,NA,NA,"WTP 026",NA,NA,"WTP 026","X",NA,NA,NA,NA,NA,NA,11.2819088147532,NA,7.93898516180646,2.06872670561727,0.42828416531082,0.0205799585362309,0.0185415154087136,1.10993940260995,0.742742642626277,1.54837288892135,6.44394551321285,0.865662638418696,0.946229564292185,0.163384639171394,0.532415581962519,0.216364836104998,0.0609162524392545,0.567585169502755,0.366849729251595,NA,0.263572112508791,NA,NA,NA,NA,NA,NA,NA,NA,NA,NA,NA,NA,NA,NA,NA,NA,NA,NA,NA,NA,NA,NA,NA,NA,NA,NA,NA,NA,NA,NA,NA,NA,NA,NA,NA,NA,NA,NA,NA,NA
"279","Copy of Results_DOC samples shipped Jan22 2018.xlsx","Combined","BPWTP Q3","BPWTP Q3",2017-08-01,NA,NA,NA,NA,NA,NA,NA,NA,NA,"WTP 037",NA,NA,"WTP 037","X","yes",NA,NA,NA,NA,NA,10.713752178102,NA,7.49379858205108,1.90796276262036,0.361197299783893,0.0204584558181344,0.0193507700070221,1.05724246687395,0.712263502107572,1.55941712830822,7.1770466406164,0.877706457606237,0.925434297305007,0.134614924995146,0.505250029384728,0.205212097869429,0.058245348832485,0.552234873888515,0.33322007397197,NA,0.222161190673563,NA,NA,NA,NA,NA,NA,NA,NA,NA,NA,NA,NA,NA,NA,NA,NA,NA,NA,NA,NA,NA,NA,NA,NA,NA,NA,NA,NA,NA,NA,NA,NA,NA,NA,NA,NA,NA,NA,NA,NA
"280","Copy of Results_DOC samples shipped Jan22 2018.xlsx","Combined","BPWTP Q5","BPWTP Q5",2017-08-01,NA,NA,NA,NA,NA,NA,NA,NA,NA,"WTP 038",NA,NA,"WTP 038","X","yes",NA,NA,NA,NA,NA,9.93251380956954,NA,6.91281570370018,1.71938877418661,0.303222958397557,0.0207953009437642,0.0201405123138694,1.03251102155152,0.715890965038768,1.54228789596662,7.55127583194414,0.883058385713112,0.920758737879279,0.108842912326031,0.498905901792173,0.207899942966869,0.0618554174888307,0.539699322027575,0.322149319767038,NA,0.204622717965915,NA,NA,NA,NA,NA,NA,NA,NA,NA,NA,NA,NA,NA,NA,NA,NA,NA,NA,NA,NA,NA,NA,NA,NA,NA,NA,NA,NA,NA,NA,NA,NA,NA,NA,NA,NA,NA,NA,NA,NA
"281","Copy of Results_DOC samples shipped Jan22 2018.xlsx","Combined","Method Blank","Method Blank",2017-08-09,NA,NA,NA,NA,NA,NA,NA,NA,NA,"WSA 081",NA,NA,"2018_WSA_081","X",NA,"x","yes",NA,0.4681,1.81978697390708,0.851842282485902,NA,0.465096311533001,-0.0231169555339182,-0.0311209479537396,0.0905269114159168,NA,NA,0.793090856223148,1.91565383840477,0.0605494460115592,0.0570925252370546,0.0269693853696215,0.578838955338275,0.00592197675896534,0.00245553406779401,0.00147376914588467,0.0145686283479359,0.0127878923203677,NA,0.0901259318188091,NA,NA,NA,NA,NA,NA,NA,NA,NA,NA,NA,NA,NA,NA,NA,NA,NA,NA,NA,NA,NA,NA,0.03646,NA,NA,NA,NA,NA,NA,NA,NA,NA,NA,NA,NA,NA,NA,NA,NA,NA
"282","Copy of Results_DOC samples shipped Jan22 2018.xlsx","Combined","Opposite WTP Intake","Buffalo Pound Lake Opp WTP",2017-08-09,NA,NA,NA,NA,NA,NA,NA,NA,NA,"WSA 082",NA,NA,"2018_WSA_082","X",NA,"x",NA,NA,7.016,1.67430959637001,11.746956128132,NA,7.60500229962132,1.60456398159296,0.303027308893106,0.0258577380010187,0.0205677129683603,1.25720045008389,0.77086974668691,1.5903788698913,4.93668519988919,0.831555831860738,0.913786418638827,0.240130530769639,0.510217213719754,0.216769743725838,0.066295835952064,0.557181428487421,0.35814935907979,NA,0.301807922281513,NA,NA,NA,NA,NA,NA,NA,NA,NA,NA,NA,NA,NA,NA,NA,NA,NA,NA,NA,NA,NA,NA,0.4837,NA,NA,NA,NA,NA,NA,NA,NA,NA,NA,NA,NA,NA,NA,NA,NA,NA
"283","Copy of Results_DOC samples shipped Jan22 2018.xlsx","Combined","0.5 mi Above Outlet","Buffalo Pound Lake 0.5 mi above outlet",2017-08-09,NA,NA,NA,NA,NA,NA,NA,NA,NA,"WSA 083",NA,NA,"2018_WSA_083","X",NA,"x",NA,NA,7.469,1.58586860609209,11.8448526189018,NA,7.59699994614597,1.56338453579423,0.299743056108778,0.026368485883732,0.020903299788052,1.26145087862175,0.784904478686882,1.63167589516054,4.35003427936442,0.813085309778838,0.923894481636585,0.231312903692106,0.508469619481111,0.209372765794671,0.0630237879962551,0.554889959093981,0.375212176143284,NA,0.333453983438733,NA,NA,NA,NA,NA,NA,NA,NA,NA,NA,NA,NA,NA,NA,NA,NA,NA,NA,NA,NA,NA,NA,0.463,NA,NA,NA,NA,NA,NA,NA,NA,NA,NA,NA,NA,NA,NA,NA,NA,NA
"284","Copy of Results_DOC samples shipped Jan22 2018.xlsx","Combined","Opposite Parkview","Buffalo Pound Lake Opp Parkview",2017-08-09,NA,NA,NA,NA,NA,NA,NA,NA,NA,"WSA 084",NA,NA,"2018_WSA_084","X",NA,"x",NA,NA,6.949,1.7361563541634,12.0645505050815,NA,7.90897075011488,1.74760115673893,0.366679105596221,0.0251733115257111,0.0191067366148978,1.31750973664875,0.776202027366644,1.58949947522149,4.78309321423278,0.827082157773473,0.945312889174696,0.25999752879288,0.527346960541249,0.221260696096299,0.0695081801386828,0.582534632008325,0.395960211521648,NA,0.354888785510487,NA,NA,NA,NA,NA,NA,NA,NA,NA,NA,NA,NA,NA,NA,NA,NA,NA,NA,NA,NA,NA,NA,0.486,NA,NA,NA,NA,NA,NA,NA,NA,NA,NA,NA,NA,NA,NA,NA,NA,NA
"285","Copy of Results_DOC samples shipped Jan22 2018.xlsx","Combined","Opposite Sun Valley","Buffalo Pound Lake Opp Sun Valley",2017-08-09,NA,NA,NA,NA,NA,NA,NA,NA,NA,"WSA 085",NA,NA,"2018_WSA_085","X",NA,"x",NA,NA,5.885,1.95940158412328,11.5310783225655,NA,7.65349963200802,1.78709137628128,0.370402852138125,0.0238039423968698,0.0195080057689068,1.22021403309251,0.765270855649614,1.59669096383932,4.36207521648406,0.813505040562317,0.956738708187865,0.208255942668227,0.539419740078116,0.222601408081818,0.0708475098488611,0.587079139449164,0.385887690322961,NA,0.355180267988563,NA,NA,NA,NA,NA,NA,NA,NA,NA,NA,NA,NA,NA,NA,NA,NA,NA,NA,NA,NA,NA,NA,0.4383,NA,NA,NA,NA,NA,NA,NA,NA,NA,NA,NA,NA,NA,NA,NA,NA,NA
"286","Copy of Results_DOC samples shipped Jan22 2018.xlsx","Combined","Opposite South Lake","Buffalo Pound Lake Opp South Lake",2017-08-09,NA,NA,NA,NA,NA,NA,NA,NA,NA,"WSA 086",NA,NA,"2018_WSA_086","X",NA,"x",NA,NA,5.616,2.07467756020005,11.6513891780835,NA,7.88923438386226,1.89444492397456,0.382946890583445,0.023353194282423,0.0194934886713863,1.19799973601966,0.750380039917035,1.56350282207165,5.36777100556949,0.842959176904232,0.970911156662913,0.211562230850655,0.523818674641405,0.22469583622686,0.0722856355483552,0.574381978678637,0.369320049084612,NA,0.296048509509832,NA,NA,NA,NA,NA,NA,NA,NA,NA,NA,NA,NA,NA,NA,NA,NA,NA,NA,NA,NA,NA,NA,0.5155,NA,NA,NA,NA,NA,NA,NA,NA,NA,NA,NA,NA,NA,NA,NA,NA,NA
"287","Copy of Results_DOC samples shipped Jan22 2018.xlsx","Combined","0.5 mi Below Causeway","Buffalo Pound Lake 0.5 mi below Causeway",2017-08-09,NA,NA,NA,NA,NA,NA,NA,NA,NA,"WSA 087",NA,NA,"2018_WSA_087","X",NA,"x",NA,NA,5.495,2.22109051531782,12.2048923816714,NA,8.41656776986709,2.13826080475487,0.476885847773958,0.0222510167306035,0.0186994974806617,1.18992591932562,0.724199990695865,1.58430335347554,6.06640250522481,0.858485276028274,0.994220834665983,0.181804824592838,0.54775892852242,0.227997611457956,0.0668249900343887,0.594447034820654,0.361115062255473,NA,0.275576644823634,NA,NA,NA,NA,NA,NA,NA,NA,NA,NA,NA,NA,NA,NA,NA,NA,NA,NA,NA,NA,NA,NA,0.3158,NA,NA,NA,NA,NA,NA,NA,NA,NA,NA,NA,NA,NA,NA,NA,NA,NA
"288","Copy of Results_DOC samples shipped Jan22 2018.xlsx","Combined","Upstream of Causeway West","Buffalo Pound Lake US Causeway West",2017-08-09,NA,NA,NA,NA,NA,NA,NA,NA,NA,"WSA 088",NA,NA,"2018_WSA_088","X",NA,"x",NA,NA,5.393,2.12503208876577,11.4602980547138,NA,7.94595664910217,1.97340728200749,0.437334261299576,0.0225951790080674,0.0191009145853906,1.18293702152615,0.716188795462603,1.59182146394012,5.47743809609065,0.845617976557193,0.94005918707988,0.217291862418374,0.509991179302788,0.209988593823695,0.0573995590326746,0.569752356250271,0.348623739052482,NA,0.306412467353422,NA,NA,NA,NA,NA,NA,NA,NA,NA,NA,NA,NA,NA,NA,NA,NA,NA,NA,NA,NA,NA,NA,0.3385,NA,NA,NA,NA,NA,NA,NA,NA,NA,NA,NA,NA,NA,NA,NA,NA,NA
"289","Copy of Results_DOC samples shipped Jan22 2018.xlsx","Combined","Upstream of Causeway Centre","Buffalo Pound Lake US Causeway",2017-08-09,NA,NA,NA,NA,NA,NA,NA,NA,NA,"WSA 089",NA,NA,"2018_WSA_089","X",NA,"x",NA,NA,5.323,2.13549136125054,11.3672205159366,NA,7.83951252157409,1.9180015029354,0.403317175213,0.0227416571849982,0.0197594566701285,1.15092522859589,0.724209358661219,1.54056795512833,5.29923786950812,0.841250636868221,0.927661352479439,0.199063115444781,0.498181264288096,0.203199170988493,0.0583089606206101,0.548749020606281,0.350675508914069,NA,0.290524999492576,NA,NA,NA,NA,NA,NA,NA,NA,NA,NA,NA,NA,NA,NA,NA,NA,NA,NA,NA,NA,NA,NA,0.2755,NA,NA,NA,NA,NA,NA,NA,NA,NA,NA,NA,NA,NA,NA,NA,NA,NA
"290","Copy of Results_DOC samples shipped Jan22 2018.xlsx","Combined","Upstream of Causeway East","Buffalo Pound Lake US Causeway East",2017-08-09,NA,NA,NA,NA,NA,NA,NA,NA,NA,"WSA 090",NA,NA,"2018_WSA_090","X",NA,"x",NA,NA,5.619,2.17682911143903,12.2316027771759,NA,8.42232566635468,2.1104442083551,0.440690826748596,0.0220280445769967,0.0195388192585599,1.12739896334044,0.737782308376213,1.57093586745649,4.52225106638899,0.818914426747732,0.962441807806003,0.232317855794035,0.522599826852692,0.209147103219817,0.0602744095653086,0.578736038596389,0.393408866389263,NA,0.357538745482162,NA,NA,NA,NA,NA,NA,NA,NA,NA,NA,NA,NA,NA,NA,NA,NA,NA,NA,NA,NA,NA,NA,0.3053,NA,NA,NA,NA,NA,NA,NA,NA,NA,NA,NA,NA,NA,NA,NA,NA,NA
"291","Copy of Results_DOC samples shipped Jan22 2018.xlsx","Combined","1.5 km below Qu'Appelle R. Inflow West","Buffalo Pound Lake below Qu'Appelle West",2017-08-09,NA,NA,NA,NA,NA,NA,NA,NA,NA,"WSA 091",NA,NA,"2018_WSA_091","X",NA,"x",NA,NA,5.764,2.18497907459993,12.594219385994,NA,8.83443888087854,2.33506539591967,0.539296847263085,0.0214645217868855,0.0182268991601778,1.17762882200947,0.732305775449831,1.5684276417562,4.29560024269373,0.811163993849481,0.972968910093124,0.281721241481209,0.538340670169588,0.222522755593236,0.0626096130037073,0.589918433740582,0.412913251582609,NA,0.395216443645973,NA,NA,NA,NA,NA,NA,NA,NA,NA,NA,NA,NA,NA,NA,NA,NA,NA,NA,NA,NA,NA,NA,0.3201,NA,NA,NA,NA,NA,NA,NA,NA,NA,NA,NA,NA,NA,NA,NA,NA,NA
"292","Copy of Results_DOC samples shipped Jan22 2018.xlsx","Combined","1.5 km below Qu'Appelle R. Inflow Centre","Buffalo Pound Lake below Qu'Appelle",2017-08-09,NA,NA,NA,NA,NA,NA,NA,NA,NA,"WSA 092",NA,NA,"2018_WSA_092","X",NA,"x",NA,NA,5.447,2.10776327816802,11.4809865761812,NA,7.77815348887817,1.90351591824084,0.430476636531017,0.0228072129919229,0.0191043338910214,1.19382403605508,0.737274734975341,1.53853465748885,4.21380890433112,0.808201639463752,0.911948329014693,0.232099762721315,0.486777544088054,0.194864222584153,0.0568330761987051,0.534654189479006,0.349299137350175,NA,0.305112805623021,NA,NA,NA,NA,NA,NA,NA,NA,NA,NA,NA,NA,NA,NA,NA,NA,NA,NA,NA,NA,NA,NA,0.2745,NA,NA,NA,NA,NA,NA,NA,NA,NA,NA,NA,NA,NA,NA,NA,NA,NA
"293","Copy of Results_DOC samples shipped Jan22 2018.xlsx","Combined","1.5 km below Qu'Appelle R. Inflow East","Buffalo Pound Lake below Qu'Appelle East",2017-08-09,NA,NA,NA,NA,NA,NA,NA,NA,NA,"WSA 093",NA,NA,"2018_WSA_093","X",NA,"x",NA,NA,5.017,2.18495640305926,10.9619262741483,NA,7.45966050725435,1.72634417454064,0.331310296010302,0.0233654164944379,0.0207442796524905,1.12635468118714,0.728253737877098,1.55478308509984,5.07928354535063,0.835506932265927,0.905849445281435,0.219695437352547,0.486756269481138,0.196278772322708,0.0570489696215056,0.531550197380993,0.33230716540229,NA,0.266804366662229,NA,NA,NA,NA,NA,NA,NA,NA,NA,NA,NA,NA,NA,NA,NA,NA,NA,NA,NA,NA,NA,NA,0.2401,NA,NA,NA,NA,NA,NA,NA,NA,NA,NA,NA,NA,NA,NA,NA,NA,NA
"294","Copy of Results_DOC samples shipped Jan22 2018.xlsx","Combined","0.5 mi Below Outlet","Buffalo Pound Outlet",2017-08-14,NA,NA,NA,NA,NA,NA,NA,NA,NA,"WSA 095",NA,NA,"2018_WSA_095","X",NA,"x",NA,NA,7.86,1.59110003672882,12.5060462886885,NA,7.94109826454755,1.70118887424582,0.31243105107941,0.0253619722178091,0.0214501010744765,1.18237075572512,0.78723475048231,1.60497665524508,3.53080775417774,0.779288803618312,0.960726942293645,0.316754069727522,0.54557446220401,0.220847569841462,0.0662233837975473,0.590787301092111,0.418243241467049,NA,0.461385936435198,NA,NA,NA,NA,NA,NA,NA,NA,NA,NA,NA,NA,NA,NA,NA,NA,NA,NA,NA,NA,NA,NA,0.4937,NA,NA,NA,NA,NA,NA,NA,NA,NA,NA,NA,NA,NA,NA,NA,NA,NA
"295","Copy of Results_DOC samples shipped Jan22 2018.xlsx","Combined","Qu'Appelle River at Hwy 19","Qu'Appelle River at Hwy 19",2017-08-14,NA,NA,NA,NA,NA,NA,NA,NA,NA,"WSA 096",NA,NA,"2018_WSA_096","X",NA,"x","yes",NA,4.977,2.25979764260647,11.2470128672524,NA,7.19358132988459,1.69052048331047,0.322593315834509,0.0234283230558185,0.0209260669658408,1.1195760337603,0.714463394034693,1.55533958228778,2.46199914912529,0.711149553502155,0.87703561472828,0.801283547251075,0.473849811715152,0.176419589040038,0.0471932667048707,0.527336281199677,0.355121843999041,NA,0.400494145069217,NA,NA,NA,NA,NA,NA,NA,NA,NA,NA,NA,NA,NA,NA,NA,NA,NA,NA,NA,NA,NA,NA,0.4229,NA,NA,NA,NA,NA,NA,NA,NA,NA,NA,NA,NA,NA,NA,NA,NA,NA
"296","Copy of Results_DOC samples shipped Jan22 2018.xlsx","Combined","Qu'Appelle River at Marquis","Qu'Appelle River at Marquis",2017-08-14,NA,NA,NA,NA,NA,NA,NA,NA,NA,"WSA 097",NA,NA,"2018_WSA_097","X",NA,"x",NA,NA,4.837,2.21559765716074,10.7168458676865,NA,7.1108531238832,1.69901493315996,0.302024290202537,0.0225432739256562,0.0213115049606911,1.0577983097504,0.727646155656422,1.55606397333106,3.92093380338473,0.796786536873921,0.872312435844041,0.231037858032432,0.459752464923511,0.186814904690156,0.0556419204295148,0.51045762735364,0.338514880406316,NA,0.318458416146885,NA,NA,NA,NA,NA,NA,NA,NA,NA,NA,NA,NA,NA,NA,NA,NA,NA,NA,NA,NA,NA,NA,0.2305,NA,NA,NA,NA,NA,NA,NA,NA,NA,NA,NA,NA,NA,NA,NA,NA,NA
"297","Copy of Results_DOC samples shipped Jan22 2018.xlsx","Combined","Ridge Creek","Ridge Creek",2017-08-14,NA,NA,NA,NA,NA,NA,NA,NA,NA,"WSA 098",NA,NA,"2018_WSA_098","X",NA,"x",NA,NA,13.47,2.16682829333653,29.1871771112431,NA,20.5862745993953,5.84588088735604,1.32158186736181,0.0188428374418531,0.0177591769232416,1.06101974901738,0.681878556060695,1.61885966376882,6.97300725816812,0.874576810528358,2.98217454648331,0.496794026774957,1.67513571317749,0.71147284295852,0.188932129554383,1.72434385874093,0.979140155533261,NA,0.820454588509894,NA,NA,NA,NA,NA,NA,NA,NA,NA,NA,NA,NA,NA,NA,NA,NA,NA,NA,NA,NA,NA,NA,0.7857,NA,NA,NA,NA,NA,NA,NA,NA,NA,NA,NA,NA,NA,NA,NA,NA,NA
"298","Copy of Results_DOC samples shipped Jan22 2018.xlsx","Combined","Iskwao Creek","Iskwao Creek",2017-08-14,NA,NA,NA,NA,NA,NA,NA,NA,NA,"WSA 099",NA,NA,"2018_WSA_099","X",NA,"x",NA,NA,51.93,2.21250415234188,114.895340631114,NA,75.8756976822164,17.3488983857551,2.8189910600772,0.0223143150859068,0.0213302308325247,1.04613565887349,0.714665436238509,1.61676989533797,9.55115159471036,0.905223615543413,9.70643235932936,0.722427752192036,5.27596552365536,1.97413351555302,0.4970533697511,5.51640058817636,3.07534135877598,NA,1.58213983299057,NA,NA,NA,NA,NA,NA,NA,NA,NA,NA,NA,NA,NA,NA,NA,NA,NA,NA,NA,NA,NA,NA,3.662,NA,NA,NA,NA,NA,NA,NA,NA,NA,NA,NA,NA,NA,NA,NA,NA,NA
"299","Copy of Results_DOC samples shipped Jan22 2018.xlsx","Combined","Method Blank","Method Blank",2017-08-15,NA,NA,NA,NA,NA,NA,NA,NA,NA,"WSA 094",NA,NA,"2018_WSA_094","X",NA,"x","yes",NA,0.3325,2.09316021773531,0.695975772396992,NA,0.397607275458337,-0.0152423268130355,-0.0289094381835076,0.10519076841972,NA,NA,0.81115939091469,-0.13102891012263,0.0316055474182744,0.0306372406559575,0.0344567380347405,0.749245184275709,0.0106017421492372,0.00374637652656682,0.00152137236033731,0.0248964044561851,0.0308813168483899,NA,0.153355552548258,NA,NA,NA,NA,NA,NA,NA,NA,NA,NA,NA,NA,NA,NA,NA,NA,NA,NA,NA,NA,NA,NA,0.03646,NA,NA,NA,NA,NA,NA,NA,NA,NA,NA,NA,NA,NA,NA,NA,NA,NA
"300","Copy of Results_DOC samples shipped Jan22 2018.xlsx","Combined","Method Blank","Method Blank",2017-09-12,NA,NA,NA,NA,NA,NA,NA,NA,NA,"WSA 105",NA,NA,"2018_WSA_105","X",NA,"x","yes",NA,0.447,2.29692979454698,1.0267276181625,NA,0.552287996618181,0.0137133652557195,-0.0231473485473267,0.0710275502810391,NA,NA,0.909694468983146,3.23270119727556,0.13514938493739,0.119058677853967,0.0643440903610412,0.807531070093684,0.0249125756198989,0.00493861153515633,0.00399013000977733,0.0527969671211706,0.0600706228989536,NA,0.187932021544062,NA,NA,NA,NA,NA,NA,NA,NA,NA,NA,NA,NA,NA,NA,NA,NA,NA,NA,NA,NA,NA,NA,0.03646,NA,NA,NA,NA,NA,NA,NA,NA,NA,NA,NA,NA,NA,NA,NA,NA,NA
"301","Copy of Results_DOC samples shipped Jan22 2018.xlsx","Combined","Qu'Appelle River at Hwy 19","Qu'Appelle R at Hwy 19",2017-09-12,NA,NA,NA,NA,NA,NA,NA,NA,NA,"WSA 106",NA,NA,"2018_WSA_106","X",NA,"x","yes",NA,4.706,2.25446451671413,10.6095100156567,NA,6.89502604978601,1.54365338108507,0.319808020488053,0.0240045226210918,0.0208127060936017,1.15335903525162,0.75691640983589,1.53659762651111,2.1564423723736,0.683187626439062,0.784221865674428,0.935438413572557,0.422230903261919,0.149158664080782,0.0422366845058934,0.48670761385087,0.365652583819318,NA,0.469925887903273,NA,NA,NA,NA,NA,NA,NA,NA,NA,NA,NA,NA,NA,NA,NA,NA,NA,NA,NA,NA,NA,NA,0.3967,NA,NA,NA,NA,NA,NA,NA,NA,NA,NA,NA,NA,NA,NA,NA,NA,NA
"302","Copy of Results_DOC samples shipped Jan22 2018.xlsx","Combined","Qu'Appelle River at Marquis","Qu'Appelle R at Marquis",2017-09-12,NA,NA,NA,NA,NA,NA,NA,NA,NA,"WSA 107",NA,NA,"2018_WSA_107","X",NA,"x",NA,NA,4.975,2.2005552938767,10.9477625870366,NA,7.34427141332591,1.88006692595049,0.543038413797619,0.0217335480334527,0.016310077636874,1.33252265975223,0.77974915362567,1.5948110235783,2.38722485778025,0.704773068813822,0.839574312374099,0.400644870580838,0.460802862316376,0.175941832695059,0.0516359421600097,0.524467072309232,0.465799679297773,NA,0.599369593356004,NA,NA,NA,NA,NA,NA,NA,NA,NA,NA,NA,NA,NA,NA,NA,NA,NA,NA,NA,NA,NA,NA,0.3429,NA,NA,NA,NA,NA,NA,NA,NA,NA,NA,NA,NA,NA,NA,NA,NA,NA
"303","Copy of Results_DOC samples shipped Jan22 2018.xlsx","Combined","0.5 mi Below Outlet","Buffalo Pound Outlet",2017-09-12,NA,NA,NA,NA,NA,NA,NA,NA,NA,"WSA 108",NA,NA,"2018_WSA_108","X",NA,"x",NA,NA,7.905,1.62273249250559,12.8277003532567,NA,8.37013262756948,1.97529165702419,0.517989220729541,0.0239914741218772,0.0176372571153441,1.36027240318479,0.792612922476495,1.6399481620559,3.02933791790427,0.751820269142352,1.00548674686554,0.400798928412194,0.578891693934675,0.232513607790203,0.0697805628565184,0.62921713688969,0.483391671380778,NA,0.54386812178773,NA,NA,NA,NA,NA,NA,NA,NA,NA,NA,NA,NA,NA,NA,NA,NA,NA,NA,NA,NA,NA,NA,0.5704,NA,NA,NA,NA,NA,NA,NA,NA,NA,NA,NA,NA,NA,NA,NA,NA,NA
"304","Copy of Results_DOC samples shipped Jan22 2018.xlsx","Combined","Opposite WTP Intake","Buffalo Pound Lake Opp WTP",2017-09-12,NA,NA,NA,NA,NA,NA,NA,NA,NA,"WSA 110",NA,NA,"2018_WSA_110","X",NA,"x",NA,NA,7.112,1.75127895580475,12.4550959336834,NA,7.95816923579874,1.75142350751974,0.346974010085554,0.0248760217088665,0.0203884866251356,1.22010143107917,0.779782532070268,1.61283832167723,4.3666508698143,0.81366404779102,0.96904488238312,0.237526466531927,0.536595635611611,0.22567702021803,0.0689621080808785,0.59059560355934,0.398423545236645,NA,0.347868712717027,NA,NA,NA,NA,NA,NA,NA,NA,NA,NA,NA,NA,NA,NA,NA,NA,NA,NA,NA,NA,NA,NA,0.4701,NA,NA,NA,NA,NA,NA,NA,NA,NA,NA,NA,NA,NA,NA,NA,NA,NA
"305","Copy of Results_DOC samples shipped Jan22 2018.xlsx","Combined","0.5 mi Above Outlet","Buffalo Pound Lake 0.5 mi above outlet",2017-09-12,NA,NA,NA,NA,NA,NA,NA,NA,NA,"WSA 111",NA,NA,"2018_WSA_111","X",NA,"x",NA,NA,8.134,1.66566727430958,13.5485376092341,NA,8.90396486043305,2.07589637720201,0.474589546121106,0.0241359586933722,0.0185503711640228,1.30110381511839,0.797215763160932,1.6280200703156,3.58386866694044,0.781843662491434,1.05994690791195,0.337762313662003,0.59142534905987,0.245001147341054,0.0723216910499603,0.64905546701997,0.479448513448608,NA,0.476578067042483,NA,NA,NA,NA,NA,NA,NA,NA,NA,NA,NA,NA,NA,NA,NA,NA,NA,NA,NA,NA,NA,NA,0.5677,NA,NA,NA,NA,NA,NA,NA,NA,NA,NA,NA,NA,NA,NA,NA,NA,NA
"306","Copy of Results_DOC samples shipped Jan22 2018.xlsx","Combined","Opposite Parkview","Buffalo Pound Lake Opp Parkview",2017-09-12,NA,NA,NA,NA,NA,NA,NA,NA,NA,"WSA 112",NA,NA,"2018_WSA_112","X",NA,"x",NA,NA,6.37,1.89964279226436,12.100724586724,NA,7.75880451050147,1.79059872404787,0.389469804240144,0.0244482882636778,0.0193985866808151,1.26031286020732,0.780240967843235,1.60237024728619,4.35222562923336,0.813161837845906,0.936408463830416,0.25939568944738,0.523123863877082,0.221922178077048,0.0678096185087723,0.569525341326108,0.390275188361336,NA,0.35150559470973,NA,NA,NA,NA,NA,NA,NA,NA,NA,NA,NA,NA,NA,NA,NA,NA,NA,NA,NA,NA,NA,NA,0.4122,NA,NA,NA,NA,NA,NA,NA,NA,NA,NA,NA,NA,NA,NA,NA,NA,NA
"307","Copy of Results_DOC samples shipped Jan22 2018.xlsx","Combined","Opposite Sun Valley","Buffalo Pound Lake Opp Sun Valley",2017-09-12,NA,NA,NA,NA,NA,NA,NA,NA,NA,"WSA 113",NA,NA,"2018_WSA_113","X",NA,"x",NA,NA,5.919,2.01956189943891,11.9537868827789,NA,7.46994352006222,1.76009627836462,0.419690765231109,0.0245263486903762,0.0185875412606745,1.31950473418808,0.783606725899749,1.59926483147181,3.35206983750754,0.770224275497218,0.890227652921062,0.260102947834361,0.488207072739766,0.207575377171699,0.065268872937156,0.54661908356807,0.367505667834038,NA,0.363875620062857,NA,NA,NA,NA,NA,NA,NA,NA,NA,NA,NA,NA,NA,NA,NA,NA,NA,NA,NA,NA,NA,NA,0.3929,NA,NA,NA,NA,NA,NA,NA,NA,NA,NA,NA,NA,NA,NA,NA,NA,NA
"308","Copy of Results_DOC samples shipped Jan22 2018.xlsx","Combined","Opposite South Lake","Buffalo Pound Lake Opp South Lake",2017-09-12,NA,NA,NA,NA,NA,NA,NA,NA,NA,"WSA 114",NA,NA,"2018_WSA_114","X",NA,"x","yes",NA,5.244,2.10787582330696,11.0537008174217,NA,7.08380167240881,1.6895489127208,0.390763385984832,0.0242652883926339,0.0187068984177468,1.29713049436426,0.779151135245088,1.59526336704727,2.79736138177479,0.736659248498328,0.844484614842871,0.583460585125132,0.455233503806143,0.195196861241225,0.0592580831945523,0.497965787179349,0.340814937614712,NA,0.372034978550055,NA,NA,NA,NA,NA,NA,NA,NA,NA,NA,NA,NA,NA,NA,NA,NA,NA,NA,NA,NA,NA,NA,0.3137,NA,NA,NA,NA,NA,NA,NA,NA,NA,NA,NA,NA,NA,NA,NA,NA,NA
"309","Copy of Results_DOC samples shipped Jan22 2018.xlsx","Combined","0.5 mi Below Causeway","Buffalo Pound Lake 0.5 mi below Causeway",2017-09-12,NA,NA,NA,NA,NA,NA,NA,NA,NA,"WSA 115",NA,NA,"2018_WSA_115","X",NA,"x",NA,NA,4.932,2.3129133945458,11.4072888618999,NA,7.10894886415259,1.66555001842031,0.333883107052859,0.0239666676113453,0.020155247059193,1.18910314227152,0.743546857746209,1.58279886645554,3.46422112036073,0.775996758888324,0.836719085373535,0.22971121617978,0.456334082335839,0.189183815733464,0.0557721292394515,0.494918403587526,0.324517253591402,NA,0.299678289990349,NA,NA,NA,NA,NA,NA,NA,NA,NA,NA,NA,NA,NA,NA,NA,NA,NA,NA,NA,NA,NA,NA,0.2757,NA,NA,NA,NA,NA,NA,NA,NA,NA,NA,NA,NA,NA,NA,NA,NA,NA
"310","Copy of Results_DOC samples shipped Jan22 2018.xlsx","Combined","Upstream of Causeway West","Buffalo Pound Lake US Causeway West",2017-09-12,NA,NA,NA,NA,NA,NA,NA,NA,NA,"WSA 116",NA,NA,"2018_WSA_116","X",NA,"x",NA,NA,5.196,2.25781317590341,11.7315972619941,NA,8.06202671042596,1.9929342533551,0.364953131536478,0.0220017801651231,0.0204925283234752,1.07364888401393,0.73640069190338,1.57003425079524,4.42349665876653,0.815617107759511,0.924737808579446,0.199456873711654,0.508101769357554,0.208813629670079,0.0593398937877289,0.549930461017795,0.354488644202418,NA,0.31983459910119,NA,NA,NA,NA,NA,NA,NA,NA,NA,NA,NA,NA,NA,NA,NA,NA,NA,NA,NA,NA,NA,NA,0.2782,NA,NA,NA,NA,NA,NA,NA,NA,NA,NA,NA,NA,NA,NA,NA,NA,NA
"311","Copy of Results_DOC samples shipped Jan22 2018.xlsx","Combined","Upstream of Causeway Centre","Buffalo Pound Lake US Causeway",2017-09-12,NA,NA,NA,NA,NA,NA,NA,NA,NA,"WSA 117",NA,NA,"2018_WSA_117","X",NA,"x",NA,NA,5.107,2.22009880368328,11.3380445904105,NA,7.69384833615398,1.93291154123234,0.462825305681276,0.0222940636068287,0.0183029848771811,1.21805616714591,0.750000820693136,1.53133507460298,3.45690868512327,0.775629237516599,0.857687677906757,0.266558000141866,0.465757890057632,0.18706910727187,0.0530296787983025,0.510129818040267,0.352488214160107,NA,0.361771851988656,NA,NA,NA,NA,NA,NA,NA,NA,NA,NA,NA,NA,NA,NA,NA,NA,NA,NA,NA,NA,NA,NA,0.3184,NA,NA,NA,NA,NA,NA,NA,NA,NA,NA,NA,NA,NA,NA,NA,NA,NA
"312","Copy of Results_DOC samples shipped Jan22 2018.xlsx","Combined","Upstream of Causeway East","Buffalo Pound Lake US Causeway East",2017-09-12,NA,NA,NA,NA,NA,NA,NA,NA,NA,"WSA 118",NA,NA,"2018_WSA_118","X",NA,"x",NA,NA,5.014,2.26299119257433,11.3466378395677,NA,7.38210303982397,1.69329632191861,0.305512174883953,0.023330031892427,0.0213219870848265,1.09417718900268,0.74055335994323,1.51170763164019,3.6744682160897,0.786071922243912,0.867527245364869,0.204225389740808,0.468650645217019,0.183900515588807,0.0531607740441968,0.515003773018752,0.336499905161445,NA,0.310177994316599,NA,NA,NA,NA,NA,NA,NA,NA,NA,NA,NA,NA,NA,NA,NA,NA,NA,NA,NA,NA,NA,NA,0.2645,NA,NA,NA,NA,NA,NA,NA,NA,NA,NA,NA,NA,NA,NA,NA,NA,NA
"313","Copy of Results_DOC samples shipped Jan22 2018.xlsx","Combined","1.5 km below Qu'Appelle R. Inflow West","Buffalo Pound Lake below Qu'Appelle West",2017-09-12,NA,NA,NA,NA,NA,NA,NA,NA,NA,"WSA 119",NA,NA,"2018_WSA_119","X",NA,"x",NA,NA,5.224,2.21910513747651,11.5926052381773,NA,7.92431653494465,2.0017870445785,0.458159509705994,0.0221073237932683,0.0187765129769213,1.17739240616407,0.746715885859089,1.52719208884978,3.42628217790118,0.774076762436738,0.908955220643667,0.306436299266871,0.493812674130354,0.203875892983748,0.0570906144286227,0.540932405133438,0.409906195261367,NA,0.449195205223702,NA,NA,NA,NA,NA,NA,NA,NA,NA,NA,NA,NA,NA,NA,NA,NA,NA,NA,NA,NA,NA,NA,0.3051,NA,NA,NA,NA,NA,NA,NA,NA,NA,NA,NA,NA,NA,NA,NA,NA,NA
"314","Copy of Results_DOC samples shipped Jan22 2018.xlsx","Combined","1.5 km below Qu'Appelle R. Inflow Centre","Buffalo Pound Lake below Qu'Appelle",2017-09-12,NA,NA,NA,NA,NA,NA,NA,NA,NA,"WSA 120",NA,NA,"2018_WSA_120","X",NA,"x",NA,NA,4.756,2.23008977218413,10.6063069565077,NA,7.07342811605601,1.62404347173038,0.29550892173212,0.0229480909379986,0.0213791553783438,1.07338622746734,0.732484549861959,1.55296835855918,4.20802244320852,0.807988538662301,0.856225511352646,0.181327803377839,0.449394731083858,0.17694393618543,0.0523668969192151,0.507716089518683,0.324381803987195,NA,0.267034225489673,NA,NA,NA,NA,NA,NA,NA,NA,NA,NA,NA,NA,NA,NA,NA,NA,NA,NA,NA,NA,NA,NA,0.2505,NA,NA,NA,NA,NA,NA,NA,NA,NA,NA,NA,NA,NA,NA,NA,NA,NA
"315","Copy of Results_DOC samples shipped Jan22 2018.xlsx","Combined","1.5 km below Qu'Appelle R. Inflow East","Buffalo Pound Lake below Qu'Appelle East",2017-09-12,NA,NA,NA,NA,NA,NA,NA,NA,NA,"WSA 121",NA,NA,"2018_WSA_121","X",NA,"x",NA,NA,5.183,2.22836693836353,11.5496258415382,NA,7.51252849400711,1.73852484497481,0.34218200198918,0.0233121684337494,0.0205853199596049,1.13246568328767,0.741776557071628,1.56729922294195,3.5197030333773,0.778746525465245,0.883281487617871,0.225604665400946,0.477339019114589,0.186146284922299,0.0525247576109196,0.526359449123849,0.342652839821454,NA,0.305372082159238,NA,NA,NA,NA,NA,NA,NA,NA,NA,NA,NA,NA,NA,NA,NA,NA,NA,NA,NA,NA,NA,NA,0.2672,NA,NA,NA,NA,NA,NA,NA,NA,NA,NA,NA,NA,NA,NA,NA,NA,NA
"316","Copy of Results_DOC samples shipped Jan22 2018.xlsx","Combined","Method Blank","Method Blank",2017-09-13,NA,NA,NA,NA,NA,NA,NA,NA,NA,"WSA 109",NA,NA,"2018_WSA_109","X",NA,"x","yes",NA,0.2958,2.56645772356931,0.759158194631803,NA,0.372262221624305,-0.0339432307113425,-0.035357490085873,0.110188863222827,NA,NA,0.962238641431007,3.14508003719877,0.0342179078282956,0.0330857816029778,0.0311225749176829,0.528241494144504,0.00952169595678919,0.00388583281496376,0.00264726833629107,0.0228429691158475,0.0237642490106585,NA,0.136230480551599,NA,NA,NA,NA,NA,NA,NA,NA,NA,NA,NA,NA,NA,NA,NA,NA,NA,NA,NA,NA,NA,NA,0.03646,NA,NA,NA,NA,NA,NA,NA,NA,NA,NA,NA,NA,NA,NA,NA,NA,NA
"317","2018 - 3D-EEM DOC -WSA sample list.xlsx","Sheet1","0.5 mi Below Outlet","BP @ Outlet R1",2018-03-06,NA,NA,"WSA","Baulch2019_120","20190730_001S0165","166","1",NA,1,"WSA 122",NA,NA,NA,NA,NA,NA,NA,"dark current had extra peak; is this what causes odd reads",6.082,NA,10.2767149690446,NA,6.33461052340047,1.26277524068707,0.159694519794789,0.0239196389016531,0.0236088892030038,1.01316240234673,0.759137256160366,1.59474178142427,3.56968266850854,NA,NA,NA,NA,NA,NA,NA,NA,NA,NA,NA,NA,NA,NA,NA,NA,NA,NA,NA,NA,NA,NA,NA,NA,NA,NA,NA,NA,NA,NA,NA,NA,0.4672,NA,NA,0.781166423898231,0.879047909167387,0.217913458749321,0.441565640966262,0.155015001013539,0.0452545508760133,0.515127851251516,0.353771464763782,NA,0.360143801151589,NA,NA,NA,NA,NA
"318","2018 - 3D-EEM DOC -WSA sample list.xlsx","Sheet1","0.5 mi Below Outlet","BP @ Outlet R2",2018-03-06,NA,NA,"WSA","Baulch2019_121","20190730_001S0166","167","1",NA,2,"WSA 124",NA,NA,NA,NA,NA,NA,NA,NA,6.401,NA,12.2655408196763,NA,7.29429457885878,1.31720085134702,0.159650975094441,0.026430053907236,0.0239479291706898,1.1036467378392,0.819351651517687,1.60789156747235,3.65773762133153,NA,NA,NA,NA,NA,NA,NA,NA,NA,NA,NA,NA,NA,NA,NA,NA,NA,NA,NA,NA,NA,NA,NA,NA,NA,NA,NA,NA,NA,NA,NA,NA,0.4972,NA,NA,0.78530349253247,0.947260698731932,0.269855395734493,0.5107680916725,0.186817441580013,0.0554823249804918,0.570778483145164,0.420325530597881,NA,0.407678247990807,NA,NA,NA,NA,NA
"319","2018 - 3D-EEM DOC -WSA sample list.xlsx","Sheet1","Qu'Appelle River at Marquis","Qu'Appelle @ Marquis R1",2018-03-06,NA,NA,"WSA","Baulch2019_118","20190730_001S0163","164","1",NA,1,"WSA 126",NA,NA,NA,NA,NA,NA,NA,NA,4.056,NA,10.3796583533331,NA,6.63817002104012,1.32156288769761,0.149673253076965,0.0234894318399646,0.0244190521533203,0.961930532458062,0.769651812832488,1.54467223677519,3.70063828743796,NA,NA,NA,NA,NA,NA,NA,NA,NA,NA,NA,NA,NA,NA,NA,NA,NA,NA,NA,NA,NA,NA,NA,NA,NA,NA,NA,NA,NA,NA,NA,NA,0.4531,NA,NA,0.787262933488754,0.957114876615164,0.21426293794908,0.488413858372889,0.170134580810135,0.0490857528402387,0.557452124780322,0.381087651196093,NA,0.374980250806563,NA,NA,NA,NA,NA
"320","2018 - 3D-EEM DOC -WSA sample list.xlsx","Sheet1","Qu'Appelle River at Marquis","Qu'Appelle @ Marquis R2",2018-03-06,NA,NA,"WSA","Baulch2019_119","20190730_001S0164","165","1",NA,2,"WSA 125",NA,NA,NA,NA,NA,NA,NA,NA,4.206,NA,11.2438225025629,NA,6.87508660272632,1.37899641430471,0.17304390180874,0.0238056335602096,0.0237696774855432,1.00151268668615,0.757058491516432,1.55729879592523,3.77758235344829,NA,NA,NA,NA,NA,NA,NA,NA,NA,NA,NA,NA,NA,NA,NA,NA,NA,NA,NA,NA,NA,NA,NA,NA,NA,NA,NA,NA,NA,NA,NA,NA,0.4211,NA,NA,0.79068911302424,0.983614380608214,0.303012934549754,0.503182939977207,0.178510773013402,0.0498752270528529,0.575340505420074,0.385014390248504,NA,0.367355126491124,NA,NA,NA,NA,NA
"321","2018 - 3D-EEM DOC -WSA sample list.xlsx","Sheet1","Qu'Appelle River at Hwy 19","Qu'Appelle @ Highway19",2018-03-06,NA,NA,"WSA","Baulch2019_122","20190730_001S0167","168","1",NA,1,"WSA 126",NA,NA,NA,NA,NA,NA,NA,NA,3.911,NA,13.3686706520448,NA,8.05590563915995,1.72260463242775,0.447022150980048,0.0249593999398424,0.0174432411328326,1.43089232957185,0.813761154294138,1.65494012831279,3.76023999509266,NA,NA,NA,NA,NA,NA,NA,NA,NA,NA,NA,NA,NA,NA,NA,NA,NA,NA,NA,NA,NA,NA,NA,NA,NA,NA,NA,NA,NA,NA,NA,NA,0.3885,NA,NA,0.789926558108226,0.965865483205534,0.286702050308059,0.517350996877495,0.199715396156395,0.0587477982225819,0.569799714558831,0.419399257494587,NA,0.408637281006942,NA,NA,NA,NA,NA
"322","2018 - 3D-EEM DOC -WSA sample list.xlsx","Sheet1","Qu'Appelle River at Hwy 19","Qu'Appelle @ HWY19",2018-03-06,NA,NA,"WSA",NA,NA,NA,NA,NA,2,"WSA 127",NA,NA,NA,NA,NA,NA,NA,NA,NA,NA,NA,NA,NA,NA,NA,NA,NA,NA,NA,NA,NA,NA,NA,NA,NA,NA,NA,NA,NA,NA,NA,NA,NA,NA,NA,NA,NA,NA,NA,NA,NA,NA,NA,NA,NA,NA,NA,NA,NA,NA,NA,NA,NA,NA,NA,NA,NA,NA,NA,NA,NA,NA,NA,NA,NA,NA,NA,NA,NA,NA,NA
"323","2018 - 3D-EEM DOC -WSA sample list.xlsx","Sheet1","Method Blank","Method Blank",2018-03-07,NA,NA,"WSA","Baulch2019_116","20190730_001S0161","162","1",NA,NA,"METHOD BLANK R1",NA,NA,NA,NA,NA,NA,NA,NA,0.2778,NA,0.544265770735055,NA,0.212127460168164,-0.0705409930998741,-0.04676752061198,0.159114850125629,NA,NA,2.03221251162852,0.918546793524765,0.0507912847985389,NA,NA,NA,NA,NA,NA,NA,NA,NA,NA,NA,NA,NA,NA,NA,NA,NA,NA,NA,NA,NA,NA,NA,NA,NA,NA,NA,NA,NA,NA,NA,NA,0.00226,NA,NA,0.0483362257884322,0.0337691565122892,0.63533467463247,0.0329815737653452,0.00525578712069,0.00504149421579229,0.0699718658472126,0.0111955410686252,NA,0.123843376865579,NA,NA,NA,NA,NA
"324","2018 - 3D-EEM DOC -WSA sample list.xlsx","Sheet1","Method Blank","Method Blank",2018-03-07,NA,NA,"WSA","Baulch2019_117","20190730_001S0162","163","1",NA,NA,"METHOD BLANK R2",NA,NA,NA,NA,NA,NA,NA,NA,0.2192,NA,0.290451632511702,NA,0.0367604671675005,-0.153136130547952,-0.0216180119370981,NA,NA,NA,2.02064678099528,2.89202743196322,0.0434482002477595,NA,NA,NA,NA,NA,NA,NA,NA,NA,NA,NA,NA,NA,NA,NA,NA,NA,NA,NA,NA,NA,NA,NA,NA,NA,NA,NA,NA,NA,NA,NA,NA,0.00226,NA,NA,0.0416390581127487,0.0308866442963805,0.455209438605575,0.0112554977814097,0.00478214496182411,0.00351008910675172,0.0269872634908586,0.0139302094591036,NA,0.104885963855517,NA,NA,NA,NA,NA
"325","2018 - 3D-EEM DOC -WSA sample list.xlsx","Sheet1","0.5 mi Below Causeway","BP below causeway",2018-03-20,NA,NA,"WSA","Baulch2019_104","20190730_001S0149","150","1",NA,NA,"WSA 128",NA,NA,NA,NA,NA,NA,NA,NA,4.151,NA,9.6683213487762,NA,6.5184555080249,1.41028590618269,0.211691502657583,0.0223901591477772,0.0222591889417069,1.00588387143904,0.783061568747051,1.61039710511871,5.50235822302227,NA,NA,NA,NA,NA,NA,NA,NA,NA,NA,NA,NA,NA,NA,NA,NA,NA,NA,NA,NA,NA,NA,NA,NA,NA,NA,NA,NA,NA,NA,NA,NA,0.2985,NA,NA,0.846209641840495,0.982998263634491,0.189199992265642,0.516061527174719,0.196920204516886,0.0582448569717025,0.579317017640221,0.372739395940919,NA,0.29439874212859,NA,NA,NA,NA,NA
"326","2018 - 3D-EEM DOC -WSA sample list.xlsx","Sheet1","Opposite Parkview","BP opp Parkview",2018-03-20,NA,NA,"WSA","Baulch2019_105","20190730_001S0150","151","1",NA,NA,"WSA 129",NA,NA,NA,NA,NA,NA,NA,NA,5.143,NA,11.1563874363234,NA,7.40189352964014,1.5331676167541,0.284399956839444,0.0234114751660872,0.0205186488041078,1.14098522712667,0.787995828415324,1.5978123553353,4.3194921696825,NA,NA,NA,NA,NA,NA,NA,NA,NA,NA,NA,NA,NA,NA,NA,NA,NA,NA,NA,NA,NA,NA,NA,NA,NA,NA,NA,NA,NA,NA,NA,NA,0.3678,NA,NA,0.812012130462505,0.985527836092573,0.253137228521637,0.516060509775352,0.1942022913284,0.0536241620577907,0.584900665181098,0.417282089257374,NA,0.379992606541356,NA,NA,NA,NA,NA
"327","2018 - 3D-EEM DOC -WSA sample list.xlsx","Sheet1","Opposite South Lake","BP opp South Lake",2018-03-20,NA,NA,"WSA","Baulch2019_106","20190730_001S0151","152","1",NA,NA,"WSA 130",NA,NA,NA,NA,NA,NA,NA,NA,4.416,NA,11.1163236040783,NA,7.31529164484303,1.57359852780345,0.248372822398527,0.0224967041616025,0.0213114772464312,1.0556144889191,0.765281083808522,1.57466156565777,4.88193229175962,NA,NA,NA,NA,NA,NA,NA,NA,NA,NA,NA,NA,NA,NA,NA,NA,NA,NA,NA,NA,NA,NA,NA,NA,NA,NA,NA,NA,NA,NA,NA,NA,0.268,NA,NA,0.829987842362455,1.01688423859892,0.206739436298714,0.514734647129206,0.185452340990375,0.0552974460404853,0.605416171415468,0.390452720245417,NA,0.322848821095727,NA,NA,NA,NA,NA
"328","2018 - 3D-EEM DOC -WSA sample list.xlsx","Sheet1","0.5 mi Above Outlet","BPL above Outlet",2018-03-20,NA,NA,"WSA","Baulch2019_107","20190730_001S0152","153","1",NA,NA,"WSA 131",NA,NA,NA,NA,NA,NA,NA,NA,5.738,NA,11.1299535926464,NA,7.17249114543522,1.43634997572634,0.278827395719361,0.0247328205639011,0.0202332836437522,1.22238293098502,0.803673853939837,1.62620517488863,3.5661919036118,NA,NA,NA,NA,NA,NA,NA,NA,NA,NA,NA,NA,NA,NA,NA,NA,NA,NA,NA,NA,NA,NA,NA,NA,NA,NA,NA,NA,NA,NA,NA,NA,0.4445,NA,NA,0.780999129885669,0.972068683751092,0.282977588386819,0.526632982711609,0.20037884120789,0.0602830109672802,0.584244517906085,0.434218358651064,NA,0.446365441081528,NA,NA,NA,NA,NA
"329","2018 - 3D-EEM DOC -WSA sample list.xlsx","Sheet1","1.5 km below Qu'Appelle R. Inflow Centre","BPL bellow Qu'Appelle",2018-03-20,NA,NA,"WSA","Baulch2019_108","20190730_001S0153","154","1",NA,NA,"WSA 132",NA,NA,NA,NA,NA,NA,NA,NA,4.114,NA,10.3797508273506,NA,6.70805503482011,1.49281437544754,0.318086260638513,0.0227823819052989,0.0192651879172578,1.18256733353171,0.755193112135941,1.55655357797362,3.51656119565296,NA,NA,NA,NA,NA,NA,NA,NA,NA,NA,NA,NA,NA,NA,NA,NA,NA,NA,NA,NA,NA,NA,NA,NA,NA,NA,NA,NA,NA,NA,NA,NA,0.4468,NA,NA,0.778592615779796,0.952000029054454,0.308398431435217,0.469869505030868,0.166984386569696,0.0463705312189971,0.549791017423925,0.391786499632962,NA,0.406510047937083,NA,NA,NA,NA,NA
"330","2018 - 3D-EEM DOC -WSA sample list.xlsx","Sheet1","Upstream of Causeway Centre","BPL u/s Courseway",2018-03-20,NA,NA,"WSA","Baulch2019_109","20190730_001S0154","155","1",NA,NA,"WSA 133",NA,NA,NA,NA,NA,NA,NA,NA,3.921,NA,9.85704927863104,NA,6.37631380897917,1.37712031171893,0.259884780054734,0.022571065436402,0.0207194287172589,1.08936717051473,0.728051583773225,1.57977928995247,4.99278650031792,NA,NA,NA,NA,NA,NA,NA,NA,NA,NA,NA,NA,NA,NA,NA,NA,NA,NA,NA,NA,NA,NA,NA,NA,NA,NA,NA,NA,NA,NA,NA,NA,0.4078,NA,NA,0.83313271715137,0.958040921482421,0.203184277922986,0.492690498266924,0.176808423343874,0.0557017462918513,0.555499584393045,0.360930931569425,NA,0.30337750297363,NA,NA,NA,NA,NA
"331","2018 - 3D-EEM DOC -WSA sample list.xlsx","Sheet1","Opposite WTP Intake","BPL opp WTP",2018-03-20,NA,NA,"WSA","Baulch2019_110","20190730_001S0155","156","1",NA,NA,"WSA 134",NA,NA,NA,NA,NA,NA,NA,NA,5.557,NA,11.2276327863611,NA,7.28848134477916,1.51937236205028,0.312386751563884,0.0240746422697896,0.0194940015681074,1.23497693306726,0.805548772282661,1.61350522874173,4.5766953651709,NA,NA,NA,NA,NA,NA,NA,NA,NA,NA,NA,NA,NA,NA,NA,NA,NA,NA,NA,NA,NA,NA,NA,NA,NA,NA,NA,NA,NA,NA,NA,NA,0.4308,NA,NA,0.820682333439716,0.959588008884616,0.246530193559599,0.510193702832214,0.193063815521024,0.057115269799297,0.575273852152724,0.401539198283613,NA,0.361679311897346,NA,NA,NA,NA,NA
"332","2018 - 3D-EEM DOC -WSA sample list.xlsx","Sheet1","Opposite Sun Valley","BPL opp Sun Valley",2018-03-20,NA,NA,"WSA","Baulch2019_111","20190730_001S0156","157","1",NA,NA,"WSA 135",NA,NA,NA,NA,NA,NA,NA,NA,4.8,NA,11.3175271435936,NA,7.59337334358813,1.59643523943005,0.265346692505445,0.0228429187673478,0.0214711203571654,1.06389039730405,0.773271912763796,1.55137448517612,4.74056957213985,NA,NA,NA,NA,NA,NA,NA,NA,NA,NA,NA,NA,NA,NA,NA,NA,NA,NA,NA,NA,NA,NA,NA,NA,NA,NA,NA,NA,NA,NA,NA,NA,0.304,NA,NA,0.825801257622031,1.0450265254005,0.223823679593954,0.530250826714201,0.19461534641512,0.0624556382019768,0.61407223925271,0.425279660850677,NA,0.355104691837384,NA,NA,NA,NA,NA
"333","2018 - 3D-EEM DOC -WSA sample list.xlsx","Sheet1","Method Blank","Method Blank",2018-03-21,NA,NA,"WSA","Baulch2019_112","20190730_001S0157","158","1",NA,NA,"MB3",NA,NA,NA,NA,NA,NA,NA,NA,0.2755,NA,0.373123996090471,NA,0.151040535497024,-0.130416838678258,-0.102942159588322,NA,NA,NA,0.935898751107224,0.284278772822572,0.093799607207368,NA,NA,NA,NA,NA,NA,NA,NA,NA,NA,NA,NA,NA,NA,NA,NA,NA,NA,NA,NA,NA,NA,NA,NA,NA,NA,NA,NA,NA,NA,NA,NA,0.00226,NA,NA,0.0857557514093942,0.032833127257113,0.301385969544027,0.0126977670393842,0.00760552267928254,0.00823942405995657,0.0191624063967765,0.0158886724425394,NA,0.0885485806692926,NA,NA,NA,NA,NA
"334","2018 - 3D-EEM DOC -WSA sample list.xlsx","Sheet1","Upstream of Causeway East","BP u/s causeway east",2018-05-23,NA,NA,"WSA","Baulch2019_041","20190730_001S0095","96","1",NA,NA,"WSA 136",NA,NA,NA,NA,NA,NA,NA,NA,4.089,NA,10.1859113121582,NA,6.89203006316595,1.5537179831063,0.24331096293036,0.0221769756320809,0.0213404072397308,1.03920114470883,0.721719748325207,1.54606707513746,5.05980502970377,NA,NA,NA,NA,NA,NA,NA,NA,NA,NA,NA,NA,NA,NA,NA,NA,NA,NA,NA,NA,NA,NA,NA,NA,NA,NA,NA,NA,NA,NA,NA,NA,0.3545,NA,NA,0.83497818905093,0.997534927229069,0.157843202255859,0.500048029410666,0.19542417296756,0.0577163455742162,0.561170799597597,0.356383539690617,NA,0.291733742747344,NA,NA,NA,NA,NA
"335","2018 - 3D-EEM DOC -WSA sample list.xlsx","Sheet1","Opposite Sun Valley","BP opp Sun Valley",2018-05-23,NA,NA,"WSA","Baulch2019_042","20190730_001S0096","97","1",NA,NA,"WSA 137",NA,NA,NA,NA,NA,NA,NA,NA,5.43,NA,13.0863666180875,NA,9.12897080957326,2.29376632752379,0.415221462233922,0.0203365351401355,0.0194007870987141,1.04823247823195,0.727146443105643,1.5747957428871,5.91287479062643,NA,NA,NA,NA,NA,NA,NA,NA,NA,NA,NA,NA,NA,NA,NA,NA,NA,NA,NA,NA,NA,NA,NA,NA,NA,NA,NA,NA,NA,NA,NA,NA,0.423,NA,NA,0.855342382107664,1.17641289437271,0.213626988747563,0.621903797661132,0.244368025277377,0.0675076176670371,0.677132951708429,0.410798091108688,NA,0.32777410654526,NA,NA,NA,NA,NA
"336","2018 - 3D-EEM DOC -WSA sample list.xlsx","Sheet1","Opposite South Lake","BP opp South Lake",2018-05-23,NA,NA,"WSA","Baulch2019_043","20190730_001S0097","98","1",NA,NA,"WSA 138",NA,NA,NA,NA,NA,NA,NA,NA,4.927,NA,12.9835403334975,NA,9.06720925668412,2.34849199466973,0.491692698739916,0.0201286849399861,0.0180673283540617,1.11409304937224,0.723710259841454,1.54934343172202,3.9984339778416,NA,NA,NA,NA,NA,NA,NA,NA,NA,NA,NA,NA,NA,NA,NA,NA,NA,NA,NA,NA,NA,NA,NA,NA,NA,NA,NA,NA,NA,NA,NA,NA,0.3823,NA,NA,0.799937339488114,1.19982206785837,0.264503814771185,0.623634169045217,0.244097720775951,0.0658851473150961,0.684550526115139,0.450239192298791,NA,0.459733755080981,NA,NA,NA,NA,NA
"337","2018 - 3D-EEM DOC -WSA sample list.xlsx","Sheet1","Upstream of Causeway Centre","BP u/s courseway",2018-05-23,NA,NA,"WSA","Baulch2019_044","NotScanned",NA,NA,NA,NA,"WSA 139",NA,NA,NA,NA,NA,NA,NA,NA,NA,NA,NA,NA,NA,NA,NA,NA,NA,NA,NA,NA,NA,NA,NA,NA,NA,NA,NA,NA,NA,NA,NA,NA,NA,NA,NA,NA,NA,NA,NA,NA,NA,NA,NA,NA,NA,NA,NA,NA,NA,NA,NA,NA,NA,NA,NA,NA,NA,NA,NA,NA,NA,NA,NA,NA,NA,NA,NA,NA,NA,NA,NA
"338","2018 - 3D-EEM DOC -WSA sample list.xlsx","Sheet1","Opposite Parkview","BP opp Partview",2018-05-23,NA,NA,"WSA","Baulch2019_045","20190730_001S0098","99","1",NA,NA,"WSA 140",NA,NA,NA,NA,NA,NA,NA,NA,4.968,NA,11.6153365452729,NA,8.01879843895919,1.97041079154609,0.383738998839397,0.0213201790263192,0.0191340061585021,1.1142558881662,0.751486106964493,1.56578574637411,3.71624019539756,NA,NA,NA,NA,NA,NA,NA,NA,NA,NA,NA,NA,NA,NA,NA,NA,NA,NA,NA,NA,NA,NA,NA,NA,NA,NA,NA,NA,NA,NA,NA,NA,0.4037,NA,NA,0.787966694110306,0.994440868621232,0.23514454159271,0.541373833741674,0.203384242292788,0.0575140279691542,0.598200423323195,0.408166417825714,NA,0.4180746758294,NA,NA,NA,NA,NA
"339","2018 - 3D-EEM DOC -WSA sample list.xlsx","Sheet1","1.5 km below Qu'Appelle R. Inflow Centre","BP below Qu'Appelle",2018-05-23,NA,NA,"WSA","Baulch2019_046","NotScanned",NA,NA,NA,NA,"WSA 141",NA,NA,NA,NA,NA,NA,NA,NA,NA,NA,NA,NA,NA,NA,NA,NA,NA,NA,NA,NA,NA,NA,NA,NA,NA,NA,NA,NA,NA,NA,NA,NA,NA,NA,NA,NA,NA,NA,NA,NA,NA,NA,NA,NA,NA,NA,NA,NA,NA,NA,NA,NA,NA,NA,NA,NA,NA,NA,NA,NA,NA,NA,NA,NA,NA,NA,NA,NA,NA,NA,NA
"340","2018 - 3D-EEM DOC -WSA sample list.xlsx","Sheet1","0.5 mi Above Outlet","BP 0.5m above outlet",2018-05-23,NA,NA,"WSA","Baulch2019_047","20190730_001S0099","100","1",NA,NA,"WSA 142",NA,NA,NA,NA,NA,NA,NA,NA,4.242,NA,8.75267432038742,NA,5.88256044686166,1.41892515052133,0.3934542736501,0.0235379151420496,0.0162518979424576,1.44831792725928,0.777748292162444,1.61051302941122,4.96229190730614,NA,NA,NA,NA,NA,NA,NA,NA,NA,NA,NA,NA,NA,NA,NA,NA,NA,NA,NA,NA,NA,NA,NA,NA,NA,NA,NA,NA,NA,NA,NA,NA,0.3844,NA,NA,0.832279261809606,0.729714154671407,0.156335282224104,0.37474361773308,0.141064538406565,0.0421963895293655,0.425805645427498,0.286596696609898,NA,0.246550449637108,NA,NA,NA,NA,NA
"341","2018 - 3D-EEM DOC -WSA sample list.xlsx","Sheet1","1.5 km below Qu'Appelle R. Inflow Centre","BP below Qu'Appelle",2018-05-23,NA,NA,"WSA","Baulch2019_048","20190730_001S0100","101","1",NA,NA,"WSA 143",NA,NA,NA,NA,NA,NA,NA,NA,4.13,NA,10.3290183509244,NA,7.03276429884758,1.55475055524245,0.228492077178738,0.0221746642184485,0.021812882123002,1.01658570808784,0.731030573297331,1.55994840344079,6.26301081372103,NA,NA,NA,NA,NA,NA,NA,NA,NA,NA,NA,NA,NA,NA,NA,NA,NA,NA,NA,NA,NA,NA,NA,NA,NA,NA,NA,NA,NA,NA,NA,NA,0.3081,NA,NA,0.862316052440562,1.0196225298634,0.156483583317294,0.508978837198298,0.19571476321517,0.0588798445328866,0.571230540443655,0.346864933916569,NA,0.266813540546746,NA,NA,NA,NA,NA
"342","2018 - 3D-EEM DOC -WSA sample list.xlsx","Sheet1","Upstream of Causeway Centre","BP u/s upstream causeway",2018-05-23,NA,NA,"WSA","Baulch2019_049","20190730_001S0101","102","1",NA,NA,"WSA 144",NA,NA,NA,NA,NA,NA,NA,NA,4.34,NA,10.4630332729759,NA,7.15394907258201,1.62385315662136,0.285253551219656,0.0224715328095275,0.0204042437086429,1.10131662463965,0.739488369048749,1.5281563130322,4.99245299064161,NA,NA,NA,NA,NA,NA,NA,NA,NA,NA,NA,NA,NA,NA,NA,NA,NA,NA,NA,NA,NA,NA,NA,NA,NA,NA,NA,NA,NA,NA,NA,NA,0.3314,NA,NA,0.833123430160955,0.99702359680971,0.189624413829137,0.498716648184264,0.191009501233155,0.056208176832668,0.561687851795628,0.370749098284626,NA,0.315396409829761,NA,NA,NA,NA,NA
"343","2018 - 3D-EEM DOC -WSA sample list.xlsx","Sheet1","Opposite WTP Intake","BP opp WTP",2018-05-23,NA,NA,"WSA","Baulch2019_050","20190730_001S0102","103","1",NA,NA,"WSA 145",NA,NA,NA,NA,NA,NA,NA,NA,4.232,NA,8.94432636367174,NA,5.95465298461405,1.40144313321845,0.247089849059923,0.024232734398548,0.0219743505494338,1.10277363347025,0.768115333179144,1.58548310481485,4.30909974545302,NA,NA,NA,NA,NA,NA,NA,NA,NA,NA,NA,NA,NA,NA,NA,NA,NA,NA,NA,NA,NA,NA,NA,NA,NA,NA,NA,NA,NA,NA,NA,NA,0.3475,NA,NA,0.811644149112766,0.779302165089241,0.206157969939117,0.400342611484152,0.153971870508991,0.04403542046832,0.458181073773089,0.319938165240564,NA,0.325372637803016,NA,NA,NA,NA,NA
"344","2018 - 3D-EEM DOC -WSA sample list.xlsx","Sheet1","0.5 mi Below Causeway","BP below causeway",2018-05-25,NA,NA,"WSA","Baulch2019_051","20190730_001S0103","104","1",NA,NA,"WSA 146",NA,NA,NA,NA,NA,NA,NA,NA,4.427,NA,10.9836692359731,NA,7.51322147237969,1.77517362156305,0.318469150245305,0.0218414876689219,0.0201345993538586,1.08477389021084,0.725794610547607,1.56052395086761,6.48615530580071,NA,NA,NA,NA,NA,NA,NA,NA,NA,NA,NA,NA,NA,NA,NA,NA,NA,NA,NA,NA,NA,NA,NA,NA,NA,NA,NA,NA,NA,NA,NA,NA,0.3542,NA,NA,0.86642008358748,1.05402678122631,0.171475548901288,0.538588763213841,0.210581562916705,0.0607325122039451,0.607985780615048,0.369546742137797,NA,0.27101125958169,NA,NA,NA,NA,NA
"345","2018 - 3D-EEM DOC -WSA sample list.xlsx","Sheet1","Method Blank","Method Blank",2018-05-25,NA,NA,"WSA","Baulch2019_114","20190730_001S0159","160","1",NA,NA,"MB",NA,NA,NA,NA,NA,NA,NA,NA,0.1393,NA,0.0580818418823885,NA,-0.0416347825389261,-0.18594751875057,-0.122409509155784,NA,NA,NA,0.909529952889699,0.114726301914942,0.109172057106854,NA,NA,NA,NA,NA,NA,NA,NA,NA,NA,NA,NA,NA,NA,NA,NA,NA,NA,NA,NA,NA,NA,NA,NA,NA,NA,NA,NA,NA,NA,NA,NA,0.00226,NA,NA,0.0984266204754709,0.0180129278430554,0.0359304092010361,0.00750740732716025,0.00418033121873433,0.00237278590652385,0.0154448776039438,0.0103561563802107,NA,0.0510272340290474,NA,NA,NA,NA,NA
"346","2018 - 3D-EEM DOC -WSA sample list.xlsx","Sheet1","0.5 mi Above Outlet","BP 0.5m above outlet",2018-06-19,NA,NA,"WSA","Baulch2019_052","20190730_001S0104","105","1",NA,NA,"WSA 147",NA,NA,NA,NA,NA,NA,NA,NA,4.744,NA,9.08539844944287,NA,6.04009811615797,1.23624625355266,0.241394838858057,0.0257553048425607,0.019872980216974,1.29599609929478,0.794819525460134,1.61366546854586,3.19067514948107,NA,NA,NA,NA,NA,NA,NA,NA,NA,NA,NA,NA,NA,NA,NA,NA,NA,NA,NA,NA,NA,NA,NA,NA,NA,NA,NA,NA,NA,NA,NA,NA,0.4004,NA,NA,0.761374966006652,0.796053852572214,0.238249227286967,0.423916398232203,0.154214470666886,0.045642761577775,0.48463474625566,0.34923990403157,NA,0.30450479112751,NA,NA,NA,NA,NA
"347","2018 - 3D-EEM DOC -WSA sample list.xlsx","Sheet1","0.5 mi Below Causeway","BP 0.5m d/s Causeway",2018-06-19,NA,NA,"WSA","Baulch2019_053","NotScanned",NA,NA,NA,NA,"WSA 148",NA,NA,NA,NA,NA,NA,NA,NA,NA,NA,NA,NA,NA,NA,NA,NA,NA,NA,NA,NA,NA,NA,NA,NA,NA,NA,NA,NA,NA,NA,NA,NA,NA,NA,NA,NA,NA,NA,NA,NA,NA,NA,NA,NA,NA,NA,NA,NA,NA,NA,NA,NA,NA,NA,NA,NA,NA,NA,NA,NA,NA,NA,NA,NA,NA,NA,NA,NA,NA,NA,NA
"348","2018 - 3D-EEM DOC -WSA sample list.xlsx","Sheet1","Upstream of Causeway West","BPL ups Causeway west",2018-06-19,NA,NA,"WSA","Baulch2019_054","NotScanned",NA,NA,NA,NA,"WSA 149",NA,NA,NA,NA,NA,NA,NA,NA,NA,NA,NA,NA,NA,NA,NA,NA,NA,NA,NA,NA,NA,NA,NA,NA,NA,NA,NA,NA,NA,NA,NA,NA,NA,NA,NA,NA,NA,NA,NA,NA,NA,NA,NA,NA,NA,NA,NA,NA,NA,NA,NA,NA,NA,NA,NA,NA,NA,NA,NA,NA,NA,NA,NA,NA,NA,NA,NA,NA,NA,NA,NA
"349","2018 - 3D-EEM DOC -WSA sample list.xlsx","Sheet1","Opposite WTP Intake","BP opp WTP",2018-06-19,NA,NA,"WSA","Baulch2019_055","NotScanned",NA,NA,NA,NA,"WSA 150",NA,NA,NA,NA,NA,NA,NA,NA,NA,NA,NA,NA,NA,NA,NA,NA,NA,NA,NA,NA,NA,NA,NA,NA,NA,NA,NA,NA,NA,NA,NA,NA,NA,NA,NA,NA,NA,NA,NA,NA,NA,NA,NA,NA,NA,NA,NA,NA,NA,NA,NA,NA,NA,NA,NA,NA,NA,NA,NA,NA,NA,NA,NA,NA,NA,NA,NA,NA,NA,NA,NA
"350","2018 - 3D-EEM DOC -WSA sample list.xlsx","Sheet1","Opposite WTP Intake","BP opp WTP",2018-06-19,NA,NA,"WSA","Baulch2019_056","20190730_001S0105","106","1",NA,NA,"WSA 151",NA,NA,NA,NA,NA,NA,NA,NA,4.77,NA,9.82820595631239,NA,6.6551898223186,1.4416809649692,0.296083260718863,0.0244033898653173,0.0189012858461167,1.29109681023796,0.808000843405664,1.62842987026847,4.46229387391765,NA,NA,NA,NA,NA,NA,NA,NA,NA,NA,NA,NA,NA,NA,NA,NA,NA,NA,NA,NA,NA,NA,NA,NA,NA,NA,NA,NA,NA,NA,NA,NA,0.4261,NA,NA,0.816926730219518,0.888018614005018,0.258629249864849,0.469809291678179,0.17275112364637,0.0516344682361335,0.535242828348667,0.384569358337097,NA,0.335520004386202,NA,NA,NA,NA,NA
"351","2018 - 3D-EEM DOC -WSA sample list.xlsx","Sheet1","Opposite Parkview","BP opp Parkview",2018-06-19,NA,NA,"WSA","Baulch2019_057","20190730_001S0106","107","1",NA,NA,"WSA 152",NA,NA,NA,NA,NA,NA,NA,NA,5.006,NA,10.1365532501603,NA,6.85212574556267,1.48667804599445,0.292317864630509,0.023904470711643,0.0195544314525277,1.2224579768364,0.803684804904425,1.58398235582769,4.75948305429032,NA,NA,NA,NA,NA,NA,NA,NA,NA,NA,NA,NA,NA,NA,NA,NA,NA,NA,NA,NA,NA,NA,NA,NA,NA,NA,NA,NA,NA,NA,NA,NA,0.5007,NA,NA,0.826373306323892,0.89675153625974,0.239617525008372,0.488378985782447,0.177267268145987,0.0527055861570654,0.54306200290969,0.378549280530304,NA,0.322953136322381,NA,NA,NA,NA,NA
"352","2018 - 3D-EEM DOC -WSA sample list.xlsx","Sheet1","Opposite South Lake","BP opp South Lake",2018-06-19,NA,NA,"WSA","Baulch2019_058","20190730_001S0107","108","1",NA,NA,"WSA 153",NA,NA,NA,NA,NA,NA,NA,NA,4.598,NA,11.1298818424674,NA,7.63484946450386,1.83272882732735,0.372484267163144,0.0224028531426825,0.0187101936453121,1.19736083802081,0.789023313962785,1.56084819533207,5.94786675097478,NA,NA,NA,NA,NA,NA,NA,NA,NA,NA,NA,NA,NA,NA,NA,NA,NA,NA,NA,NA,NA,NA,NA,NA,NA,NA,NA,NA,NA,NA,NA,NA,0.4303,NA,NA,0.856070929993051,1.09610297902387,0.203210927577361,0.583826220140989,0.221800326230108,0.0643899821646018,0.641769072330402,0.413994104384129,NA,0.303850638301085,NA,NA,NA,NA,NA
"353","2018 - 3D-EEM DOC -WSA sample list.xlsx","Sheet1","Opposite Sun Valley","BP opp Sun Valley",2018-06-19,NA,NA,"WSA","Baulch2019_059","20190730_001S0108","109","1",NA,NA,"WSA 154",NA,NA,NA,NA,NA,NA,NA,NA,5.132,NA,11.250431763378,NA,7.74566472764306,1.79574898155268,0.362013690925362,0.0228303855756767,0.019281304887164,1.18406849065882,0.792632136725513,1.58018518558848,4.90221269784811,NA,NA,NA,NA,NA,NA,NA,NA,NA,NA,NA,NA,NA,NA,NA,NA,NA,NA,NA,NA,NA,NA,NA,NA,NA,NA,NA,NA,NA,NA,NA,NA,0.4848,NA,NA,0.830572015751891,1.02759835094351,0.271853834119412,0.559644065461098,0.20617764779622,0.0579085678884509,0.621407186194759,0.436098642886167,NA,0.368538478492299,NA,NA,NA,NA,NA
"354","2018 - 3D-EEM DOC -WSA sample list.xlsx","Sheet1","1.5 km below Qu'Appelle R. Inflow East","BP 1.5m Bellow Qu'Appelle in flow east",2018-06-19,NA,NA,"WSA","Baulch2019_060","20190730_001S0109","110","1",NA,NA,"WSA 155",NA,NA,NA,NA,NA,NA,NA,NA,5.518,NA,13.0281815873691,NA,8.93576236250594,2.09800469196453,0.474712532810054,0.0226598094792018,0.0180405999674131,1.25604522688449,0.773186457945347,1.57261686192323,5.39459241575266,NA,NA,NA,NA,NA,NA,NA,NA,NA,NA,NA,NA,NA,NA,NA,NA,NA,NA,NA,NA,NA,NA,NA,NA,NA,NA,NA,NA,NA,NA,NA,NA,0.4749,NA,NA,0.843617867256627,1.22894149924588,0.274474178738989,0.64757837865961,0.245374661097623,0.0724731489391099,0.720530166747448,0.48624025034815,NA,0.394953687798741,NA,NA,NA,NA,NA
"355","2018 - 3D-EEM DOC -WSA sample list.xlsx","Sheet1","0.5 mi Below Causeway","BP 0.5 d/s causeway",2018-06-19,NA,NA,"WSA","Baulch2019_061","20190730_001S0110","111","1",NA,NA,"WSA 156",NA,NA,NA,NA,NA,NA,NA,NA,4.73,NA,11.0923816696338,NA,7.61697731251429,1.79698914436138,0.384064377349469,0.0226274463537825,0.0189821091503298,1.19204068286528,0.782464418483735,1.55986263320808,5.8078848402538,NA,NA,NA,NA,NA,NA,NA,NA,NA,NA,NA,NA,NA,NA,NA,NA,NA,NA,NA,NA,NA,NA,NA,NA,NA,NA,NA,NA,NA,NA,NA,NA,0.438,NA,NA,0.853111498877422,1.05811898604671,0.23377643203077,0.55522307491002,0.217629754358346,0.0636988751359686,0.616995646982843,0.400601258718285,NA,0.330057801555254,NA,NA,NA,NA,NA
"356","2018 - 3D-EEM DOC -WSA sample list.xlsx","Sheet1","1.5 km below Qu'Appelle R. Inflow Centre","BP 1.5m Bellow Qu'Appelle inflow",2018-06-19,NA,NA,"WSA","Baulch2019_062","NotScanned",NA,NA,NA,NA,"WSA 157",NA,NA,NA,NA,NA,NA,NA,NA,NA,NA,NA,NA,NA,NA,NA,NA,NA,NA,NA,NA,NA,NA,NA,NA,NA,NA,NA,NA,NA,NA,NA,NA,NA,NA,NA,NA,NA,NA,NA,NA,NA,NA,NA,NA,NA,NA,NA,NA,NA,NA,NA,NA,NA,NA,NA,NA,NA,NA,NA,NA,NA,NA,NA,NA,NA,NA,NA,NA,NA,NA,NA
"357","2018 - 3D-EEM DOC -WSA sample list.xlsx","Sheet1","Upstream of Causeway East","BP u/s Causeway East",2018-06-19,NA,NA,"WSA","Baulch2019_063","20190730_001S0111","112","1",NA,NA,"WSA 158",NA,NA,NA,NA,NA,NA,NA,NA,5.302,NA,12.1944408978935,NA,8.33031201953688,1.90648349476965,0.403548576399522,0.0229530647335714,0.018928131166414,1.21264294566487,0.788654177703427,1.56925256102081,4.88983558746479,NA,NA,NA,NA,NA,NA,NA,NA,NA,NA,NA,NA,NA,NA,NA,NA,NA,NA,NA,NA,NA,NA,NA,NA,NA,NA,NA,NA,NA,NA,NA,NA,0.4623,NA,NA,0.830215973748354,1.12605345097516,0.28361332054034,0.581714019721479,0.220722916276863,0.0626256317883911,0.655045449823522,0.452682836992175,NA,0.38513982951719,NA,NA,NA,NA,NA
"358","2018 - 3D-EEM DOC -WSA sample list.xlsx","Sheet1","Upstream of Causeway Centre","BP u/s Causeway",2018-06-19,NA,NA,"WSA","Baulch2019_064","20190730_001S0112","113","1",NA,NA,"WSA 159",NA,NA,NA,NA,NA,NA,NA,NA,5.286,NA,12.117452761958,NA,8.31410609706712,1.9312879356752,0.3987791539869,0.022575080262312,0.0187706483516852,1.20267983499277,0.770397482433279,1.55520730189713,5.46137096354652,NA,NA,NA,NA,NA,NA,NA,NA,NA,NA,NA,NA,NA,NA,NA,NA,NA,NA,NA,NA,NA,NA,NA,NA,NA,NA,NA,NA,NA,NA,NA,NA,0.4753,NA,NA,0.845234083348293,1.11911980871425,0.242160471438952,0.591115867427879,0.22306229810058,0.0652554324040027,0.672908003377561,0.45122127710759,NA,0.341610032259871,NA,NA,NA,NA,NA
"359","2018 - 3D-EEM DOC -WSA sample list.xlsx","Sheet1","1.5 km below Qu'Appelle R. Inflow Centre","BPL 1.5 Bellow QuAR",2018-06-19,NA,NA,"WSA","Baulch2019_065","20190730_001S0113","114","1",NA,NA,"WSA 160",NA,NA,NA,NA,NA,NA,NA,NA,5.662,NA,12.8503618540775,NA,8.87387234697697,2.02918867393474,0.412043326630029,0.0230149380000986,0.0190156685410902,1.21031442835504,0.770984431746647,1.57324826940951,5.35471187444311,NA,NA,NA,NA,NA,NA,NA,NA,NA,NA,NA,NA,NA,NA,NA,NA,NA,NA,NA,NA,NA,NA,NA,NA,NA,NA,NA,NA,NA,NA,NA,NA,0.5323,NA,NA,0.842636453114149,1.27068425869818,0.30708729099637,0.666619654267329,0.25421264963796,0.075353956615091,0.757691007610036,0.510809441658068,NA,0.422690270259832,NA,NA,NA,NA,NA
"360","2018 - 3D-EEM DOC -WSA sample list.xlsx","Sheet1","Method Blank","Method Blank",2018-06-20,NA,NA,"WSA","Baulch2019_113","20190730_001S0158","159","1",NA,NA,"MB4",NA,NA,NA,NA,NA,NA,NA,NA,0.2212,NA,0.24064833072871,NA,0.143580673390663,-0.0834020117484967,-0.063360555612852,NA,NA,NA,0.943970861169416,1.71089322941735,0.827183753749598,NA,NA,NA,NA,NA,NA,NA,NA,NA,NA,NA,NA,NA,NA,NA,NA,NA,NA,NA,NA,NA,NA,NA,NA,NA,NA,NA,NA,NA,NA,NA,NA,0.02428,NA,NA,0.452709669759332,0.0513656622454772,0.0615711317841392,0.0301664462797406,0.009612184255674,0.00390568290623357,0.0418607637320204,0.0341516622514704,NA,0.0698372214528363,NA,NA,NA,NA,NA
"361","2018 - 3D-EEM DOC -WSA sample list.xlsx","Sheet1","Upstream of Causeway Centre","BPL u/s Causeway",2018-07-17,NA,NA,"WSA","Baulch2019_066","NotScanned",NA,NA,NA,NA,"WSA 161",NA,NA,NA,NA,NA,NA,NA,NA,NA,NA,NA,NA,NA,NA,NA,NA,NA,NA,NA,NA,NA,NA,NA,NA,NA,NA,NA,NA,NA,NA,NA,NA,NA,NA,NA,NA,NA,NA,NA,NA,NA,NA,NA,NA,NA,NA,NA,NA,NA,NA,NA,NA,NA,NA,NA,NA,NA,NA,NA,NA,NA,NA,NA,NA,NA,NA,NA,NA,NA,NA,NA
"362","2018 - 3D-EEM DOC -WSA sample list.xlsx","Sheet1","0.5 mi Below Causeway","BPL below causeway",2018-07-17,NA,NA,"WSA","Baulch2019_067","NotScanned",NA,NA,NA,NA,"WSA 162",NA,NA,NA,NA,NA,NA,NA,NA,NA,NA,NA,NA,NA,NA,NA,NA,NA,NA,NA,NA,NA,NA,NA,NA,NA,NA,NA,NA,NA,NA,NA,NA,NA,NA,NA,NA,NA,NA,NA,NA,NA,NA,NA,NA,NA,NA,NA,NA,NA,NA,NA,NA,NA,NA,NA,NA,NA,NA,NA,NA,NA,NA,NA,NA,NA,NA,NA,NA,NA,NA,NA
"363","2018 - 3D-EEM DOC -WSA sample list.xlsx","Sheet1","Upstream of Causeway West","BPL u/s causeway west",2018-07-17,NA,NA,"WSA","Baulch2019_068","20190730_001S0114","115","1",NA,NA,"WSA 163",NA,NA,NA,NA,NA,NA,NA,NA,4.83,NA,12.2929413356551,NA,8.53149721100758,2.09277584225425,0.392141026855597,0.0212961127313682,0.0196709545020052,1.082617151557,0.75348473750902,1.59260892432792,6.37146059321392,NA,NA,NA,NA,NA,NA,NA,NA,NA,NA,NA,NA,NA,NA,NA,NA,NA,NA,NA,NA,NA,NA,NA,NA,NA,NA,NA,NA,NA,NA,NA,NA,0.5447,NA,NA,0.864341674576598,1.2894148983443,0.248958053083619,0.690011818333708,0.266444006542497,0.0797647616359838,0.756183350134566,0.477776736272673,NA,0.327030332719456,NA,NA,NA,NA,NA
"364","2018 - 3D-EEM DOC -WSA sample list.xlsx","Sheet1","1.5 km below Qu'Appelle R. Inflow West","BPL below Qu'Appelle west",2018-07-17,NA,NA,"WSA","Baulch2019_069","20190730_001S0115","116","1",NA,NA,"WSA 164",NA,NA,NA,NA,NA,NA,NA,NA,4.663,NA,12.2314111185658,NA,8.50164397377254,2.0989138206907,0.46433972262185,0.0210205247661947,0.019058969954398,1.10292029508888,0.747091767909784,1.55116362208525,6.31246778201864,NA,NA,NA,NA,NA,NA,NA,NA,NA,NA,NA,NA,NA,NA,NA,NA,NA,NA,NA,NA,NA,NA,NA,NA,NA,NA,NA,NA,NA,NA,NA,NA,0.4293,NA,NA,0.863247260732006,1.25194653922919,0.219347841989692,0.652070066401814,0.254930409774194,0.0755831911086168,0.723865451471181,0.452789504667388,NA,0.331827837766843,NA,NA,NA,NA,NA
"365","2018 - 3D-EEM DOC -WSA sample list.xlsx","Sheet1","Upstream of Causeway East","BPL u/s causeway east",2018-07-17,NA,NA,"WSA","Baulch2019_070","20190730_001S0116","117","1",NA,NA,"WSA 165",NA,NA,NA,NA,NA,NA,NA,NA,5.002,NA,12.1293161776176,NA,8.38573787818137,1.96529872995997,0.336782990263264,0.0219669669025803,0.0203836433220014,1.07767618161126,0.770704704159755,1.57072372316722,6.14258394764932,NA,NA,NA,NA,NA,NA,NA,NA,NA,NA,NA,NA,NA,NA,NA,NA,NA,NA,NA,NA,NA,NA,NA,NA,NA,NA,NA,NA,NA,NA,NA,NA,0.5295,NA,NA,0.859994645169119,1.26396989900578,0.247913923623108,0.706594964026855,0.26286929985314,0.0788228179464348,0.74799261395795,0.472705106969747,NA,0.335500617150774,NA,NA,NA,NA,NA
"366","2018 - 3D-EEM DOC -WSA sample list.xlsx","Sheet1","Opposite WTP Intake","BPL opp WTP",2018-07-17,NA,NA,"WSA","Baulch2019_071","20190730_001S0117","118","1",NA,NA,"WSA 166",NA,NA,NA,NA,NA,NA,NA,NA,5.304,NA,11.1521814560822,NA,7.56017221914894,1.77441753638162,0.41317995341351,0.0231542309109219,0.0182709763498481,1.26726839702326,0.800523446081398,1.63359800127328,4.89569269490208,NA,NA,NA,NA,NA,NA,NA,NA,NA,NA,NA,NA,NA,NA,NA,NA,NA,NA,NA,NA,NA,NA,NA,NA,NA,NA,NA,NA,NA,NA,NA,NA,0.6404,NA,NA,0.830384646597221,1.04466351106101,0.260283083195609,0.575470178951379,0.228290811994388,0.0690481928627639,0.643670542312205,0.436749718117847,NA,0.366597901746746,NA,NA,NA,NA,NA
"367","2018 - 3D-EEM DOC -WSA sample list.xlsx","Sheet1","0.5 mi Above Outlet","BPL above Outlet",2018-07-17,NA,NA,"WSA","Baulch2019_072","20190730_001S0118","119","1",NA,NA,"WSA 167",NA,NA,NA,NA,NA,NA,NA,NA,5.394,NA,10.510985551154,NA,7.05996288475461,1.59893655601555,0.362185755268683,0.0239157823129521,0.0181029610768141,1.32109781441131,0.78440216247983,1.60329686914116,4.57579540818945,NA,NA,NA,NA,NA,NA,NA,NA,NA,NA,NA,NA,NA,NA,NA,NA,NA,NA,NA,NA,NA,NA,NA,NA,NA,NA,NA,NA,NA,NA,NA,NA,0.4697,NA,NA,0.820653390809274,0.890763272787185,0.2352486333651,0.469201907015257,0.17950518004336,0.0543095889686772,0.545002302744903,0.375191023212166,NA,0.327172462866106,NA,NA,NA,NA,NA
"368","2018 - 3D-EEM DOC -WSA sample list.xlsx","Sheet1","1.5 km below Qu'Appelle R. Inflow Centre","BPL below Qu'Appelle",2018-07-17,NA,NA,"WSA","Baulch2019_073","20190730_001S0119","120","1",NA,NA,"WSA 168",NA,NA,NA,NA,NA,NA,NA,NA,4.69,NA,12.8251290980572,NA,9.0207176285812,2.30054674290008,0.503666254181967,0.0205926462075944,0.0188345057517853,1.09334677952154,0.748977503015152,1.55256592965886,6.36424307529158,NA,NA,NA,NA,NA,NA,NA,NA,NA,NA,NA,NA,NA,NA,NA,NA,NA,NA,NA,NA,NA,NA,NA,NA,NA,NA,NA,NA,NA,NA,NA,NA,0.4397,NA,NA,0.864208719107169,1.34835057661311,0.240601492590601,0.712384298575757,0.276610424188401,0.0865056505365218,0.785597604284496,0.498006391162085,NA,0.354466543291653,NA,NA,NA,NA,NA
"369","2018 - 3D-EEM DOC -WSA sample list.xlsx","Sheet1","Opposite South Lake","BPL opp South lake",2018-07-17,NA,NA,"WSA","Baulch2019_074","20190730_001S0120","121","1",NA,NA,"WSA 169",NA,NA,NA,NA,NA,NA,NA,NA,5.188,NA,11.8772653666312,NA,8.17806595067584,1.98854326121984,0.405160170759016,0.0222697924175219,0.0184368916560824,1.20789300240722,0.774438684900235,1.60622139935489,5.72561406338782,NA,NA,NA,NA,NA,NA,NA,NA,NA,NA,NA,NA,NA,NA,NA,NA,NA,NA,NA,NA,NA,NA,NA,NA,NA,NA,NA,NA,NA,NA,NA,NA,0.454,NA,NA,0.851314691777559,1.16097367494917,0.252728161892947,0.612210080785986,0.245636291375523,0.0774552772959306,0.716057574093284,0.451015057356149,NA,0.359692616187477,NA,NA,NA,NA,NA
"370","2018 - 3D-EEM DOC -WSA sample list.xlsx","Sheet1","1.5 km below Qu'Appelle R. Inflow East","BPL Below Qu'Appelle East",2018-07-17,NA,NA,"WSA","Baulch2019_075","20190730_001S0121","122","1",NA,NA,"WSA 170",NA,NA,NA,NA,NA,NA,NA,NA,4.524,NA,11.9865227635793,NA,8.3253152871608,2.03649237765957,0.350179655259055,0.0211048173154331,0.0204611448128558,1.03145828390662,0.733663337943593,1.55800313784141,6.80604595670424,NA,NA,NA,NA,NA,NA,NA,NA,NA,NA,NA,NA,NA,NA,NA,NA,NA,NA,NA,NA,NA,NA,NA,NA,NA,NA,NA,NA,NA,NA,NA,NA,0.3725,NA,NA,0.871894169526231,1.18854136984954,0.18957828404598,0.622822182437557,0.236548050529087,0.0704999942260398,0.687646495167811,0.413722253888035,NA,0.289481219965412,NA,NA,NA,NA,NA
"371","2018 - 3D-EEM DOC -WSA sample list.xlsx","Sheet1","Opposite Parkview","BPL opp Parkview",2018-07-17,NA,NA,"WSA","Baulch2019_076","20190730_001S0122","123","1",NA,NA,"WSA 171",NA,NA,NA,NA,NA,NA,NA,NA,5.399,NA,11.7255093948861,NA,8.07016435826375,1.97440643590117,0.484910155152077,0.0227550538262838,0.0170397278563855,1.33541181045075,0.773027397523595,1.61311703964216,5.03170607493197,NA,NA,NA,NA,NA,NA,NA,NA,NA,NA,NA,NA,NA,NA,NA,NA,NA,NA,NA,NA,NA,NA,NA,NA,NA,NA,NA,NA,NA,NA,NA,NA,0.5676,NA,NA,0.834209428049546,1.11080433878081,0.284905950202168,0.598110300346252,0.241492839961711,0.0738214030018839,0.666189788525568,0.450742650182071,NA,0.389159930773668,NA,NA,NA,NA,NA
"372","2018 - 3D-EEM DOC -WSA sample list.xlsx","Sheet1","Opposite Sun Valley","BPL opp Sun Valley",2018-07-17,NA,NA,"WSA","Baulch2019_077","20190730_001S0123","124","1",NA,NA,"WSA 172",NA,NA,NA,NA,NA,NA,NA,NA,4.873,NA,11.2349183473514,NA,7.6631869210991,1.8413083999504,0.39089304326606,0.0224188842198307,0.0183461425388984,1.2219944422811,0.779250923740594,1.59781473452488,5.84847450443544,NA,NA,NA,NA,NA,NA,NA,NA,NA,NA,NA,NA,NA,NA,NA,NA,NA,NA,NA,NA,NA,NA,NA,NA,NA,NA,NA,NA,NA,NA,NA,NA,0.4782,NA,NA,0.853982080337403,1.05706157821569,0.208296536943935,0.5780823415101,0.233507246173479,0.0721624678719726,0.643854902431571,0.40255419115078,NA,0.316374360744967,NA,NA,NA,NA,NA
"373","2018 - 3D-EEM DOC -WSA sample list.xlsx","Sheet1","Method Blank","Method Blank",2018-07-18,NA,NA,"WSA","Baulch2019_115","20190730_001S0160","161","1",NA,NA,"MB5",NA,NA,NA,NA,NA,NA,NA,NA,0.2157,NA,0.226001409483251,NA,0.124817596483062,-0.139248411718693,-0.100587244700346,NA,NA,NA,0.347808170941516,1.61370496452942,1.43428219883919,NA,NA,NA,NA,NA,NA,NA,NA,NA,NA,NA,NA,NA,NA,NA,NA,NA,NA,NA,NA,NA,NA,NA,NA,NA,NA,NA,NA,NA,NA,NA,NA,0.00226,NA,NA,0.589201284683897,0.0730716780737559,0.0637060536473624,0.04863038696379,0.0133985378686557,0.0053195941403705,0.0614311652249314,0.0443983102733572,NA,0.0715417013351455,NA,NA,NA,NA,NA
"374","2018 - 3D-EEM DOC -WSA sample list.xlsx","Sheet1","1.5 km below Qu'Appelle R. Inflow East","BPL 1.5 below Qu'Appelle inflow E",2018-08-21,NA,NA,"WSA","Baulch2019_078","20190730_001S0124","125","1",NA,NA,"WSA 173",NA,NA,NA,NA,NA,NA,NA,NA,4.34,NA,11.3331233139694,NA,7.83218247368336,1.85429629868521,0.322566088905606,0.0218008706412147,0.0203110411624431,1.0733507192889,0.762855715848395,1.50797166404272,5.93854030609403,NA,NA,NA,NA,NA,NA,NA,NA,NA,NA,NA,NA,NA,NA,NA,NA,NA,NA,NA,NA,NA,NA,NA,NA,NA,NA,NA,NA,NA,NA,NA,NA,0.345,NA,NA,0.855877467610628,1.09909926288882,0.209502281112322,0.57028382683536,0.207110501883234,0.0601736453963598,0.636934189837577,0.398891103418219,NA,0.292594490843979,NA,NA,NA,NA,NA
"375","2018 - 3D-EEM DOC -WSA sample list.xlsx","Sheet1","1.5 km below Qu'Appelle R. Inflow West","BPL 1.5 mi below Qu'Appelle inflow W",2018-08-21,NA,NA,"WSA","Baulch2019_080","20190730_001S0126","127","1",NA,NA,"WSA 175",NA,NA,NA,NA,NA,NA,NA,NA,4.082,NA,11.4457443637454,NA,8.01273884454061,2.07258918507687,0.459934287901382,0.0203024526639175,0.0184070893127942,1.10296920490335,0.756269943889306,1.54471816688663,6.74960031901433,NA,NA,NA,NA,NA,NA,NA,NA,NA,NA,NA,NA,NA,NA,NA,NA,NA,NA,NA,NA,NA,NA,NA,NA,NA,NA,NA,NA,NA,NA,NA,NA,0.3559,NA,NA,0.870961087174211,1.12046278735455,0.172281694506576,0.594734948644749,0.225775602304183,0.0675520014850441,0.656195267368757,0.409796479201376,NA,0.267658070209622,NA,NA,NA,NA,NA
"376","2018 - 3D-EEM DOC -WSA sample list.xlsx","Sheet1","0.5 mi Above Outlet","BPL above Outlet",2018-08-21,NA,NA,"WSA","Baulch2019_081","20190730_001S0127","128","1",NA,NA,"WSA 176",NA,NA,NA,NA,NA,NA,NA,NA,6.143,NA,11.4177833781089,NA,7.62256576760426,1.60024117828768,0.264804312836799,0.0245279570571349,0.0206620905010191,1.18709948811448,0.812478440858496,1.60061335677869,4.59871710060858,NA,NA,NA,NA,NA,NA,NA,NA,NA,NA,NA,NA,NA,NA,NA,NA,NA,NA,NA,NA,NA,NA,NA,NA,NA,NA,NA,NA,NA,NA,NA,NA,0.5246,NA,NA,0.821387653273051,1.00887459129181,0.272781224189787,0.546882273100633,0.2049576719382,0.0599647534245711,0.618386565982367,0.438071832700583,NA,0.364316010021127,NA,NA,NA,NA,NA
"377","2018 - 3D-EEM DOC -WSA sample list.xlsx","Sheet1","1.5 km below Qu'Appelle R. Inflow Centre","BPL 1.5 mi below Qu'Appelle inflow",2018-08-21,NA,NA,"WSA","Baulch2019_082","20190730_001S0128","129","1",NA,NA,"WSA 177",NA,NA,NA,NA,NA,NA,NA,NA,4.17,NA,10.7024082168815,NA,7.38793394799287,1.66763579604688,0.214097321649965,0.0221214831784075,0.0224520408402846,0.985277166373045,0.749949842985575,1.5400911016603,6.31781079554452,NA,NA,NA,NA,NA,NA,NA,NA,NA,NA,NA,NA,NA,NA,NA,NA,NA,NA,NA,NA,NA,NA,NA,NA,NA,NA,NA,NA,NA,NA,NA,NA,0.3526,NA,NA,0.863347109136949,1.06215701753405,0.191236257238078,0.557200317389466,0.2060938587684,0.0613871143399809,0.621377644278512,0.387324703645071,NA,0.251025863017541,NA,NA,NA,NA,NA
"378","2018 - 3D-EEM DOC -WSA sample list.xlsx","Sheet1","0.5 mi Below Causeway","BPL 0.5 mi below causeway",2018-08-21,NA,NA,"WSA","Baulch2019_083","20190730_001S0129","130","1",NA,NA,"WSA 178",NA,NA,NA,NA,NA,NA,NA,NA,4.466,NA,11.3040856904466,NA,7.86292262676339,2.05689794892853,0.543602065086393,0.0214721218528932,0.0163907666981587,1.31001326834243,0.775271284269376,1.56414642689119,6.25403821979739,NA,NA,NA,NA,NA,NA,NA,NA,NA,NA,NA,NA,NA,NA,NA,NA,NA,NA,NA,NA,NA,NA,NA,NA,NA,NA,NA,NA,NA,NA,NA,NA,0.369,NA,NA,0.862145749760341,1.11988423435276,0.210329190578067,0.597112799433034,0.227295638844691,0.0697534285210527,0.657555706277079,0.41486400698259,NA,0.303648576075333,NA,NA,NA,NA,NA
"379","2018 - 3D-EEM DOC -WSA sample list.xlsx","Sheet1","Opposite Sun Valley","BPL opp Sun Valley",2018-08-21,NA,NA,"WSA","Baulch2019_084","20190730_001S0130","131","1",NA,NA,"WSA 179",NA,NA,NA,NA,NA,NA,NA,NA,5.011,NA,11.4112898566257,NA,7.83371001797261,1.90916784921384,0.416477758988744,0.0229205437342951,0.0182610505473071,1.25516019327131,0.805243409040325,1.61456601697751,5.67916509903005,NA,NA,NA,NA,NA,NA,NA,NA,NA,NA,NA,NA,NA,NA,NA,NA,NA,NA,NA,NA,NA,NA,NA,NA,NA,NA,NA,NA,NA,NA,NA,NA,0.4284,NA,NA,0.850280688503235,1.16465823080713,0.262360896274246,0.639694197163131,0.25049029229005,0.0805624898425083,0.697518278554225,0.461622910624237,NA,0.37875712752576,NA,NA,NA,NA,NA
"380","2018 - 3D-EEM DOC -WSA sample list.xlsx","Sheet1","Upstream of Causeway East","BPL u/s causeway east",2018-08-21,NA,NA,"WSA","Baulch2019_085","20190730_001S0131","132","1",NA,NA,"WSA 180",NA,NA,NA,NA,NA,NA,NA,NA,4.571,NA,11.8293551653642,NA,8.29134026976697,2.15463656917202,0.579279204838031,0.0211074755476034,0.0166687745083573,1.26628838472922,0.767328599699012,1.69246042490523,6.25676863624281,NA,NA,NA,NA,NA,NA,NA,NA,NA,NA,NA,NA,NA,NA,NA,NA,NA,NA,NA,NA,NA,NA,NA,NA,NA,NA,NA,NA,NA,NA,NA,NA,0.3584,NA,NA,0.862197618509476,1.10423216224047,0.204329274877699,0.592647448089695,0.217566397180552,0.0643768525906815,0.65874318265092,0.415170507843791,NA,0.289346893529498,NA,NA,NA,NA,NA
"381","2018 - 3D-EEM DOC -WSA sample list.xlsx","Sheet1","Opposite WTP Intake","BPL opp WTP",2018-08-21,NA,NA,"WSA","Baulch2019_086","20190730_001S0132","133","1",NA,NA,"WSA 181",NA,NA,NA,NA,NA,NA,NA,NA,5.268,NA,10.8351305868166,NA,7.27129540392581,1.65793083986275,0.34661757928755,0.0236608699841479,0.0186003273655806,1.27206739532616,0.810339736496083,1.59556974080965,5.8428667525107,NA,NA,NA,NA,NA,NA,NA,NA,NA,NA,NA,NA,NA,NA,NA,NA,NA,NA,NA,NA,NA,NA,NA,NA,NA,NA,NA,NA,NA,NA,NA,NA,0.4893,NA,NA,0.853862418169535,1.04061089516498,0.197010206682778,0.568733071364804,0.227701171040979,0.0708725818258837,0.628469406539219,0.411238590176139,NA,0.299113945385947,NA,NA,NA,NA,NA
"382","2018 - 3D-EEM DOC -WSA sample list.xlsx","Sheet1","Upstream of Causeway Centre","BPL u/s causeway",2018-08-21,NA,NA,"WSA","Baulch2019_087","20190730_001S0133","134","1",NA,NA,"WSA 182",NA,NA,NA,NA,NA,NA,NA,NA,4.531,NA,11.3693355141484,NA,7.84186061175896,1.80594927431516,0.301296861346414,0.0224774222182956,0.0208361483405985,1.07877050263168,0.758693372883084,1.57695928364119,6.37357368418765,NA,NA,NA,NA,NA,NA,NA,NA,NA,NA,NA,NA,NA,NA,NA,NA,NA,NA,NA,NA,NA,NA,NA,NA,NA,NA,NA,NA,NA,NA,NA,NA,0.349,NA,NA,0.864380551028538,1.10329141198052,0.207901851100215,0.577222335376111,0.215620339097377,0.063150249079189,0.646675810034864,0.416512311217158,NA,0.298173493974614,NA,NA,NA,NA,NA
"383","2018 - 3D-EEM DOC -WSA sample list.xlsx","Sheet1","Upstream of Causeway West","BPL u/s causeway west",2018-08-21,NA,NA,"WSA","Baulch2019_088","20190730_001S0134","135","1",NA,NA,"WSA 183",NA,NA,NA,NA,NA,NA,NA,NA,4.599,NA,11.776200363619,NA,8.18670644890059,1.91867482469857,0.333797321725582,0.0224117003684876,0.0204425247221444,1.09632741909859,0.767377528832765,1.55076121747911,5.96345245255514,NA,NA,NA,NA,NA,NA,NA,NA,NA,NA,NA,NA,NA,NA,NA,NA,NA,NA,NA,NA,NA,NA,NA,NA,NA,NA,NA,NA,NA,NA,NA,NA,0.36,NA,NA,0.856393074152023,1.19106513493848,0.246621818695466,0.628575888027315,0.233794527495147,0.069413470203664,0.702819526686118,0.444568462703075,NA,0.325132813039159,NA,NA,NA,NA,NA
"384","2018 - 3D-EEM DOC -WSA sample list.xlsx","Sheet1","Opposite South Lake","BPL opp South Lake",2018-08-21,NA,NA,"WSA","Baulch2019_089","NotScanned",NA,NA,NA,NA,"WSA 184",NA,NA,NA,NA,NA,NA,NA,NA,NA,NA,NA,NA,NA,NA,NA,NA,NA,NA,NA,NA,NA,NA,NA,NA,NA,NA,NA,NA,NA,NA,NA,NA,NA,NA,NA,NA,NA,NA,NA,NA,NA,NA,NA,NA,NA,NA,NA,NA,NA,NA,NA,NA,NA,NA,NA,NA,NA,NA,NA,NA,NA,NA,NA,NA,NA,NA,NA,NA,NA,NA,NA
"385","2018 - 3D-EEM DOC -WSA sample list.xlsx","Sheet1","Opposite Parkview","BPL opp Parkview",2018-08-21,NA,NA,"WSA","Baulch2019_090","20190730_001S0135","136","1",NA,NA,"WSA 185",NA,NA,NA,NA,NA,NA,NA,NA,5.267,NA,11.2603422825782,NA,7.67882370431834,1.84983732809787,0.447561339477704,0.0232477209255479,0.0182215603696799,1.27583590284789,0.803199925490387,1.58726515265882,5.32133843965245,NA,NA,NA,NA,NA,NA,NA,NA,NA,NA,NA,NA,NA,NA,NA,NA,NA,NA,NA,NA,NA,NA,NA,NA,NA,NA,NA,NA,NA,NA,NA,NA,0.4795,NA,NA,0.841805654048325,1.07861730091031,0.244303801319236,0.598392190159883,0.23759006421713,0.0754685578235656,0.662441407866482,0.441914030401523,NA,0.354833879239317,NA,NA,NA,NA,NA
"386","2018 - 3D-EEM DOC -WSA sample list.xlsx","Sheet1","Opposite South Lake","BPL opp South lake",2018-09-27,NA,NA,"WSA","Baulch2019_092","20190730_001S0137","138","1",NA,NA,"WSA 187",NA,NA,NA,NA,NA,NA,NA,NA,4.331,NA,9.59668311690741,NA,6.58599205837556,1.46114329513385,0.266319152206788,0.0237723189335924,0.020351301573707,1.16809820971378,0.795983076983295,1.55920440557248,5.35465065357703,NA,NA,NA,NA,NA,NA,NA,NA,NA,NA,NA,NA,NA,NA,NA,NA,NA,NA,NA,NA,NA,NA,NA,NA,NA,NA,NA,NA,NA,NA,NA,NA,0.3653,NA,NA,0.842634937069735,0.940525112857111,0.231121115152741,0.502199111283475,0.195011099110765,0.0610726320933667,0.559633909720751,0.375095805681885,NA,0.306834460733941,NA,NA,NA,NA,NA
"387","2018 - 3D-EEM DOC -WSA sample list.xlsx","Sheet1","1.5 km below Qu'Appelle R. Inflow West","BPL Qu'Appelle Inflow West",2018-09-27,NA,NA,"WSA","Baulch2019_093","20190730_001S0138","139","1",NA,NA,"WSA 188",NA,NA,NA,NA,NA,NA,NA,NA,4.088,NA,10.3959396663915,NA,7.1887253300927,1.65599560350029,0.276539410670009,0.0221818712079206,0.0198259726434904,1.11882890220792,0.766922917930744,1.568219274299,5.80318399785454,NA,NA,NA,NA,NA,NA,NA,NA,NA,NA,NA,NA,NA,NA,NA,NA,NA,NA,NA,NA,NA,NA,NA,NA,NA,NA,NA,NA,NA,NA,NA,NA,0.3146,NA,NA,0.853010002329003,1.05036276118049,0.210379781201343,0.540141606072036,0.198656526528697,0.0580673057914745,0.608022362713758,0.395581780103649,NA,0.281459017325456,NA,NA,NA,NA,NA
"388","2018 - 3D-EEM DOC -WSA sample list.xlsx","Sheet1","1.5 km below Qu'Appelle R. Inflow East","BPL Qu'Appelle Inflow East",2018-09-27,NA,NA,"WSA","Baulch2019_094","20190730_001S0139","140","1",NA,NA,"WSA 189",NA,NA,NA,NA,NA,NA,NA,NA,4.29,NA,10.798603961035,NA,7.55223845138711,1.97520041187565,0.581116411671383,0.0211094043027579,0.0154344900297755,1.36767747182023,0.773453432278126,1.53675892904546,5.79161729873771,NA,NA,NA,NA,NA,NA,NA,NA,NA,NA,NA,NA,NA,NA,NA,NA,NA,NA,NA,NA,NA,NA,NA,NA,NA,NA,NA,NA,NA,NA,NA,NA,0.2767,NA,NA,0.852759665921421,0.979175856532625,0.192924431278207,0.498005652085995,0.181455375065603,0.0536155299869942,0.568477343378677,0.361669143020095,NA,0.269969834551815,NA,NA,NA,NA,NA
"389","2018 - 3D-EEM DOC -WSA sample list.xlsx","Sheet1","1.5 km below Qu'Appelle R. Inflow Centre","BPL Qu'Appelle Inflow mid",2018-09-27,NA,NA,"WSA","Baulch2019_095","20190730_001S0140","141","1",NA,NA,"WSA 190",NA,NA,NA,NA,NA,NA,NA,NA,3.862,NA,9.18418328679918,NA,6.30345395467023,1.31086590938869,0.160195050781665,0.0236203688474102,0.0237311024111544,0.995333821335997,0.776379584546192,1.57418959675188,5.15781596035484,NA,NA,NA,NA,NA,NA,NA,NA,NA,NA,NA,NA,NA,NA,NA,NA,NA,NA,NA,NA,NA,NA,NA,NA,NA,NA,NA,NA,NA,NA,NA,NA,0.3011,NA,NA,0.83760476012304,0.918043875383189,0.204270438990267,0.486654773506741,0.178665474980561,0.0502668176252383,0.542281086036221,0.362373330805264,NA,0.269400056433289,NA,NA,NA,NA,NA
"390","2018 - 3D-EEM DOC -WSA sample list.xlsx","Sheet1","Upstream of Causeway West","BPL u/s causeway west",2018-09-27,NA,NA,"WSA","Baulch2019_096","20190730_001S0141","142","1",NA,NA,"WSA 191",NA,NA,NA,NA,NA,NA,NA,NA,4.124,NA,10.5621454308177,NA,7.33683177852477,1.78174102409241,0.379823907360401,0.022251356396431,0.018108729270117,1.228764098492,0.756292471059911,1.5426310957627,5.89164508531689,NA,NA,NA,NA,NA,NA,NA,NA,NA,NA,NA,NA,NA,NA,NA,NA,NA,NA,NA,NA,NA,NA,NA,NA,NA,NA,NA,NA,NA,NA,NA,NA,0.3054,NA,NA,0.854896764470566,1.0438752492947,0.206290775577045,0.540246083904433,0.19893496669345,0.0612802696293538,0.604461472104088,0.382195546923408,NA,0.280884167883182,NA,NA,NA,NA,NA
"391","2018 - 3D-EEM DOC -WSA sample list.xlsx","Sheet1","Upstream of Causeway Centre","BPL u/s causeway middle",2018-09-27,NA,NA,"WSA","Baulch2019_097","20190730_001S0142","143","1",NA,NA,"WSA 192",NA,NA,NA,NA,NA,NA,NA,NA,4.182,NA,9.91539196940129,NA,6.84095929190665,1.55098726609232,0.29541119330408,0.0232861813256824,0.0201637639355722,1.15485290346024,0.781542729045243,1.57082676086054,5.22530583996755,NA,NA,NA,NA,NA,NA,NA,NA,NA,NA,NA,NA,NA,NA,NA,NA,NA,NA,NA,NA,NA,NA,NA,NA,NA,NA,NA,NA,NA,NA,NA,NA,0.3014,NA,NA,0.839365321848153,1.04344810774497,0.236357182614286,0.549885338748017,0.201110798824912,0.0586211639106527,0.611705238089919,0.415858589704512,NA,0.32253127608615,NA,NA,NA,NA,NA
"392","2018 - 3D-EEM DOC -WSA sample list.xlsx","Sheet1","Upstream of Causeway East","BPL u/s causeway east",2018-09-27,NA,NA,"WSA","Baulch2019_098","20190730_001S0143","144","1",NA,NA,"WSA 193",NA,NA,NA,NA,NA,NA,NA,NA,4.132,NA,10.0939320861618,NA,6.88858172632174,1.50534173767223,0.228868866578953,0.0229497769396805,0.0210327798174326,1.09114330767914,0.77070082455183,1.52305228347126,5.46509253798432,NA,NA,NA,NA,NA,NA,NA,NA,NA,NA,NA,NA,NA,NA,NA,NA,NA,NA,NA,NA,NA,NA,NA,NA,NA,NA,NA,NA,NA,NA,NA,NA,0.316,NA,NA,0.845323173005691,0.940860994485772,0.189016937093783,0.481787193638522,0.179306924653749,0.0528816195893148,0.54892442867608,0.357060122244797,NA,0.27021922534115,NA,NA,NA,NA,NA
"393","2018 - 3D-EEM DOC -WSA sample list.xlsx","Sheet1","Opposite Parkview","BPL opp Parkview",2018-09-27,NA,NA,"WSA","Baulch2019_099","20190730_001S0144","145","1",NA,NA,"WSA 194",NA,NA,NA,NA,NA,NA,NA,NA,4.807,NA,9.58910738678525,NA,6.47365528614469,1.37773816787891,0.230656194432604,0.024713125712515,0.0199094460375265,1.24127641050053,0.825610505510762,1.58089822308679,5.41662063064664,NA,NA,NA,NA,NA,NA,NA,NA,NA,NA,NA,NA,NA,NA,NA,NA,NA,NA,NA,NA,NA,NA,NA,NA,NA,NA,NA,NA,NA,NA,NA,NA,0.4243,NA,NA,0.844154726052548,0.93265649113781,0.219344395893476,0.514935109709294,0.197712078231416,0.0620459532709296,0.570356268217988,0.384223593555654,NA,0.30991136557551,NA,NA,NA,NA,NA
"394","2018 - 3D-EEM DOC -WSA sample list.xlsx","Sheet1","0.5 mi Below Causeway","BPL downstream causeway",2018-09-27,NA,NA,"WSA","Baulch2019_100","20190730_001S0145","146","1",NA,NA,"WSA 195",NA,NA,NA,NA,NA,NA,NA,NA,4.236,NA,9.65559694366011,NA,6.64050442401675,1.47370100133574,0.249664918860592,0.0233855605814557,0.0205918154492838,1.13567259958466,0.791824854462089,1.57185333993342,5.51510158540875,NA,NA,NA,NA,NA,NA,NA,NA,NA,NA,NA,NA,NA,NA,NA,NA,NA,NA,NA,NA,NA,NA,NA,NA,NA,NA,NA,NA,NA,NA,NA,NA,0.3342,NA,NA,0.846510451619111,0.925959373201967,0.213693278109427,0.497418040280526,0.187528998920078,0.0552076560613667,0.559240852038084,0.362166673936097,NA,0.280829234562105,NA,NA,NA,NA,NA
"395","2018 - 3D-EEM DOC -WSA sample list.xlsx","Sheet1","Opposite Sun Valley","BPL Sun Valley",2018-09-27,NA,NA,"WSA","Baulch2019_101","20190730_001S0146","147","1",NA,NA,"WSA 196",NA,NA,NA,NA,NA,NA,NA,NA,4.51,NA,9.13803660205719,NA,6.12953325036305,1.24470117391008,0.153343652225857,0.0247997384756843,0.0228200668252262,1.08675135202802,0.824383265998712,1.59516316365528,6.01546912323433,NA,NA,NA,NA,NA,NA,NA,NA,NA,NA,NA,NA,NA,NA,NA,NA,NA,NA,NA,NA,NA,NA,NA,NA,NA,NA,NA,NA,NA,NA,NA,NA,0.3982,NA,NA,0.857457857424227,0.922673410131984,0.175134202039064,0.505580281204247,0.195270217951361,0.0606030845507906,0.555655987906674,0.358080935521978,NA,0.261595965334017,NA,NA,NA,NA,NA
"396","2018 - 3D-EEM DOC -WSA sample list.xlsx","Sheet1","Opposite WTP Intake","BPL WTP",2018-09-27,NA,NA,"WSA","Baulch2019_102","20190730_001S0147","148","1",NA,NA,"WSA 197",NA,NA,NA,NA,NA,NA,NA,NA,4.973,NA,9.76928698655844,NA,6.52681674040929,1.38770065541899,0.247023168916616,0.0244325660350359,0.020270945273583,1.20529978771519,0.829263829422732,1.61308881094714,5.51367070760636,NA,NA,NA,NA,NA,NA,NA,NA,NA,NA,NA,NA,NA,NA,NA,NA,NA,NA,NA,NA,NA,NA,NA,NA,NA,NA,NA,NA,NA,NA,NA,NA,0.4354,NA,NA,0.846476734104436,0.903629860796097,0.212194880613268,0.477729814091486,0.193486761373934,0.0590242150197353,0.538777097400071,0.375796871692012,NA,0.294868690032359,NA,NA,NA,NA,NA
"397","2018 - 3D-EEM DOC -WSA sample list.xlsx","Sheet1","0.5 mi Above Outlet","BPL above Outlet",2018-09-27,NA,NA,"WSA","Baulch2019_103","20190730_001S0148","149","1",NA,NA,"WSA 198",NA,NA,NA,NA,NA,NA,NA,NA,6.497,NA,11.2574769149818,NA,7.55003215881418,1.52840323373827,0.253149444413276,0.0252267676873266,0.0207950156205289,1.21311607298927,0.812796396773513,1.59086350185026,4.69673500837769,NA,NA,NA,NA,NA,NA,NA,NA,NA,NA,NA,NA,NA,NA,NA,NA,NA,NA,NA,NA,NA,NA,NA,NA,NA,NA,NA,NA,NA,NA,NA,NA,0.5481,NA,NA,0.824460853711927,0.988886923541783,0.274819485275445,0.545290001216286,0.204869281122735,0.0649906182453458,0.614021107930799,0.43700862427278,NA,0.379873441042584,NA,NA,NA,NA,NA
"398","JM-WSA_BP-data-2019.xlsx","Sheet1","Opposite WTP Intake","Buffalo Pound Lake Opp WTP",2019-04-22,NA,NA,NA,NA,NA,NA,NA,NA,NA,NA,NA,NA,NA,NA,NA,NA,NA,NA,4.2,NA,0.073,NA,NA,NA,NA,NA,NA,NA,NA,NA,NA,NA,NA,NA,NA,NA,NA,NA,NA,NA,NA,NA,NA,NA,NA,NA,NA,NA,NA,NA,NA,NA,NA,NA,NA,NA,NA,NA,NA,NA,NA,NA,NA,NA,NA,NA,NA,NA,NA,NA,NA,NA,NA,NA,NA,NA,1.5,0.38,3.99,2.6,0.738
"399","JM-WSA_BP-data-2019.xlsx","Sheet1","0.5 mi Above Outlet","Buffalo Pound Lake Above Outlet",2019-04-22,NA,NA,NA,NA,NA,NA,NA,NA,NA,NA,NA,NA,NA,NA,NA,NA,NA,NA,4.4,NA,0.08,NA,NA,NA,NA,NA,NA,NA,NA,NA,NA,NA,NA,NA,NA,NA,NA,NA,NA,NA,NA,NA,NA,NA,NA,NA,NA,NA,NA,NA,NA,NA,NA,NA,NA,NA,NA,NA,NA,NA,NA,NA,NA,NA,NA,NA,NA,NA,NA,NA,NA,NA,NA,NA,NA,NA,4.6,2.65,6.79,1.15,1.031
"400","JM-WSA_BP-data-2019.xlsx","Sheet1","Opposite Parkview","Buffalo Pound Lake Opp Parkview",2019-04-22,NA,NA,NA,NA,NA,NA,NA,NA,NA,NA,NA,NA,NA,NA,NA,NA,NA,NA,4.5,NA,0.084,NA,NA,NA,NA,NA,NA,NA,NA,NA,NA,NA,NA,NA,NA,NA,NA,NA,NA,NA,NA,NA,NA,NA,NA,NA,NA,NA,NA,NA,NA,NA,NA,NA,NA,NA,NA,NA,NA,NA,NA,NA,NA,NA,NA,NA,NA,NA,NA,NA,NA,NA,NA,NA,NA,NA,1.3,0.4,3.99,2.4,0.533
"401","JM-WSA_BP-data-2019.xlsx","Sheet1","Opposite Sun Valley","Buffalo Pound Lake Opp Sun Valley",2019-04-22,NA,NA,NA,NA,NA,NA,NA,NA,NA,NA,NA,NA,NA,NA,NA,NA,NA,NA,5.5,NA,0.146,NA,NA,NA,NA,NA,NA,NA,NA,NA,NA,NA,NA,NA,NA,NA,NA,NA,NA,NA,NA,NA,NA,NA,NA,NA,NA,NA,NA,NA,NA,NA,NA,NA,NA,NA,NA,NA,NA,NA,NA,NA,NA,NA,NA,NA,NA,NA,NA,NA,NA,NA,NA,NA,NA,NA,1.8,0.8,9.59,2,0.879
"402","JM-WSA_BP-data-2019.xlsx","Sheet1","Opposite South Lake","Buffalo Pound Lake Opp South Lake",2019-04-22,NA,NA,NA,NA,NA,NA,NA,NA,NA,NA,NA,NA,NA,NA,NA,NA,NA,NA,5,NA,0.121,NA,NA,NA,NA,NA,NA,NA,NA,NA,NA,NA,NA,NA,NA,NA,NA,NA,NA,NA,NA,NA,NA,NA,NA,NA,NA,NA,NA,NA,NA,NA,NA,NA,NA,NA,NA,NA,NA,NA,NA,NA,NA,NA,NA,NA,NA,NA,NA,NA,NA,NA,NA,NA,NA,NA,2.1,1.34,10.77,1.65,0.686
"403","JM-WSA_BP-data-2019.xlsx","Sheet1","0.5 mi Below Causeway","Buffalo Pound Lake DS Causeway",2019-04-22,NA,NA,NA,NA,NA,NA,NA,NA,NA,NA,NA,NA,NA,NA,NA,NA,NA,NA,3.7,NA,0.11,NA,NA,NA,NA,NA,NA,NA,NA,NA,NA,NA,NA,NA,NA,NA,NA,NA,NA,NA,NA,NA,NA,NA,NA,NA,NA,NA,NA,NA,NA,NA,NA,NA,NA,NA,NA,NA,NA,NA,NA,NA,NA,NA,NA,NA,NA,NA,NA,NA,NA,NA,NA,NA,NA,NA,5.8,4.5,11.36,0.85,1.208
"404","JM-WSA_BP-data-2019.xlsx","Sheet1","Upstream of Causeway West","Buffalo Pound Lake US Causeway West",2019-04-22,NA,NA,NA,NA,NA,NA,NA,NA,NA,NA,NA,NA,NA,NA,NA,NA,NA,NA,3.9,NA,0.125,NA,NA,NA,NA,NA,NA,NA,NA,NA,NA,NA,NA,NA,NA,NA,NA,NA,NA,NA,NA,NA,NA,NA,NA,NA,NA,NA,NA,NA,NA,NA,NA,NA,NA,NA,NA,NA,NA,NA,NA,NA,NA,NA,NA,NA,NA,NA,NA,NA,NA,NA,NA,NA,NA,NA,8,6.9,15.35,0.55,1.514
"405","JM-WSA_BP-data-2019.xlsx","Sheet1","Upstream of Causeway Centre","Buffalo Pound Lake US Causeway Center",2019-04-22,NA,NA,NA,NA,NA,NA,NA,NA,NA,NA,NA,NA,NA,NA,NA,NA,NA,NA,3.8,NA,0.111,NA,NA,NA,NA,NA,NA,NA,NA,NA,NA,NA,NA,NA,NA,NA,NA,NA,NA,NA,NA,NA,NA,NA,NA,NA,NA,NA,NA,NA,NA,NA,NA,NA,NA,NA,NA,NA,NA,NA,NA,NA,NA,NA,NA,NA,NA,NA,NA,NA,NA,NA,NA,NA,NA,NA,6.8,5.14,11.36,0.7,1.196
"406","JM-WSA_BP-data-2019.xlsx","Sheet1","Upstream of Causeway East","Buffalo Pound Lake US Causeway East",2019-04-22,NA,NA,NA,NA,NA,NA,NA,NA,NA,NA,NA,NA,NA,NA,NA,NA,NA,NA,3.9,NA,0.112,NA,NA,NA,NA,NA,NA,NA,NA,NA,NA,NA,NA,NA,NA,NA,NA,NA,NA,NA,NA,NA,NA,NA,NA,NA,NA,NA,NA,NA,NA,NA,NA,NA,NA,NA,NA,NA,NA,NA,NA,NA,NA,NA,NA,NA,NA,NA,NA,NA,NA,NA,NA,NA,NA,NA,6.1,4.3,11.36,0.8,1.259
"407","JM-WSA_BP-data-2019.xlsx","Sheet1","1.5 km below Qu'Appelle R. Inflow East","Buffalo Pound Lake below Qu'Appelle East",2019-04-22,NA,NA,NA,NA,NA,NA,NA,NA,NA,NA,NA,NA,NA,NA,NA,NA,NA,NA,4,NA,0.165,NA,NA,NA,NA,NA,NA,NA,NA,NA,NA,NA,NA,NA,NA,NA,NA,NA,NA,NA,NA,NA,NA,NA,NA,NA,NA,NA,NA,NA,NA,NA,NA,NA,NA,NA,NA,NA,NA,NA,NA,NA,NA,NA,NA,NA,NA,NA,NA,NA,NA,NA,NA,NA,NA,NA,17,13.5,29.02,0.35,2.537
"408","JM-WSA_BP-data-2019.xlsx","Sheet1","1.5 km below Qu'Appelle R. Inflow Centre","Buffalo Pound Lake below Qu'Appelle Center",2019-04-22,NA,NA,NA,NA,NA,NA,NA,NA,NA,NA,NA,NA,NA,NA,NA,NA,NA,NA,4.1,NA,0.155,NA,NA,NA,NA,NA,NA,NA,NA,NA,NA,NA,NA,NA,NA,NA,NA,NA,NA,NA,NA,NA,NA,NA,NA,NA,NA,NA,NA,NA,NA,NA,NA,NA,NA,NA,NA,NA,NA,NA,NA,NA,NA,NA,NA,NA,NA,NA,NA,NA,NA,NA,NA,NA,NA,NA,13,10.5,24.13,0.4,1.833
"409","JM-WSA_BP-data-2019.xlsx","Sheet1","1.5 km below Qu'Appelle R. Inflow West","Buffalo Pound Lake below Qu'Appelle West",2019-04-22,NA,NA,NA,NA,NA,NA,NA,NA,NA,NA,NA,NA,NA,NA,NA,NA,NA,NA,4.1,NA,0.189,NA,NA,NA,NA,NA,NA,NA,NA,NA,NA,NA,NA,NA,NA,NA,NA,NA,NA,NA,NA,NA,NA,NA,NA,NA,NA,NA,NA,NA,NA,NA,NA,NA,NA,NA,NA,NA,NA,NA,NA,NA,NA,NA,NA,NA,NA,NA,NA,NA,NA,NA,NA,NA,NA,NA,20,19.2,82.77,0.28,3.503
"410","Clay_DOC_BuffaloPound_2019_USaskatchewan_BaulchLabandWSA.xlsx","DOC_BuffaloPound_2019_USaskatch","1.5 km below Qu'Appelle R. Inflow East","BPL below Qu'Appelle East",2019-04-22,NA,NA,NA,NA,NA,NA,NA,NA,NA,NA,NA,NA,NA,NA,NA,NA,NA,NA,NA,NA,0.538858686191253,NA,0.422520197369067,0.0306007922313449,-0.0186563456294736,0.0642858634385847,NA,NA,0.740413798743519,1.38640288750106,1.30809771403426,0.566742779597434,0.0734824114500225,0.070204285123831,0.0537307423749276,0.0130479559685192,0.0039779207616069,0.0673381937211849,0.0408957320365884,NA,0.0492636031117901,NA,NA,NA,NA,NA,NA,NA,NA,NA,NA,NA,NA,NA,NA,NA,NA,NA,NA,NA,NA,NA,NA,NA,NA,NA,NA,NA,NA,NA,NA,NA,NA,NA,NA,NA,NA,NA,NA,NA,NA
"411","Clay_DOC_BuffaloPound_2019_USaskatchewan_BaulchLabandWSA.xlsx","DOC_BuffaloPound_2019_USaskatch","1.5 km below Qu'Appelle R. Inflow Centre","BPL below Qu'Appelle Centre",2019-04-22,NA,NA,NA,NA,NA,NA,NA,NA,NA,NA,NA,NA,NA,NA,NA,NA,NA,NA,NA,NA,7.98046181342005,NA,5.35337266321653,1.09741937055771,0.167613999371774,0.0259788308117539,0.0222778726939361,1.16612708801524,0.803834510013862,1.59109477088689,4.93483656001463,0.831503363253943,0.716034605115667,0.170022469489633,0.400088210427067,0.151775562425879,0.0423185742095121,0.43734953187621,0.313598301683723,NA,0.260198819556014,NA,NA,NA,NA,NA,NA,NA,NA,NA,NA,NA,NA,NA,NA,NA,NA,NA,NA,NA,NA,NA,NA,NA,NA,NA,NA,NA,NA,NA,NA,NA,NA,NA,NA,NA,NA,NA,NA,NA,NA
"412","Clay_DOC_BuffaloPound_2019_USaskatchewan_BaulchLabandWSA.xlsx","DOC_BuffaloPound_2019_USaskatch","1.5 km below Qu'Appelle R. Inflow West","BPL below Qu'Appelle West",2019-04-22,NA,NA,NA,NA,NA,NA,NA,NA,NA,NA,NA,NA,NA,NA,NA,NA,NA,NA,NA,NA,13.4569881105155,NA,9.71206149868064,2.76362868178289,0.603628518773668,0.0191701776536032,0.0179946862265416,1.06532436366286,0.715150820862731,1.54604774995298,6.71563245684117,0.870392996867893,1.15526811420187,0.205596697975268,0.658007471819748,0.258816354412648,0.0673850842421897,0.702147713707077,0.432055559701186,NA,0.328958423273118,NA,NA,NA,NA,NA,NA,NA,NA,NA,NA,NA,NA,NA,NA,NA,NA,NA,NA,NA,NA,NA,NA,NA,NA,NA,NA,NA,NA,NA,NA,NA,NA,NA,NA,NA,NA,NA,NA,NA,NA
"413","Clay_DOC_BuffaloPound_2019_USaskatchewan_BaulchLabandWSA.xlsx","DOC_BuffaloPound_2019_USaskatch","Upstream of Causeway West","BPL u/s causeway West",2019-04-22,NA,NA,NA,NA,NA,NA,NA,NA,NA,NA,NA,NA,NA,NA,NA,NA,NA,NA,NA,NA,8.8634656263992,NA,6.10941668044865,1.41185544347372,0.229555124216417,0.0228668838544853,0.0213858442294224,1.06925326908653,0.750548759442273,1.48428109242228,6.01702819992563,0.85748952811525,0.869693634354684,0.129133903433903,0.462297016705263,0.172846686622326,0.0487577607586508,0.516037316263989,0.318604188266694,NA,0.215643867997129,NA,NA,NA,NA,NA,NA,NA,NA,NA,NA,NA,NA,NA,NA,NA,NA,NA,NA,NA,NA,NA,NA,NA,NA,NA,NA,NA,NA,NA,NA,NA,NA,NA,NA,NA,NA,NA,NA,NA,NA
"414","Clay_DOC_BuffaloPound_2019_USaskatchewan_BaulchLabandWSA.xlsx","DOC_BuffaloPound_2019_USaskatch","Upstream of Causeway Centre","BPL u/s causeway Centre",2019-04-22,NA,NA,NA,NA,NA,NA,NA,NA,NA,NA,NA,NA,NA,NA,NA,NA,NA,NA,NA,NA,8.89952503650317,NA,6.11587602196797,1.40094524380583,0.226345060721687,0.0227033101949801,0.0213350610094628,1.0641314868943,0.74925816060474,1.5316657844747,6.63775461659513,0.869071467964259,0.885954172874265,0.123726781495438,0.468286256444206,0.17413292691725,0.0496395645143833,0.520834047361958,0.326575925289729,NA,0.205731394027585,NA,NA,NA,NA,NA,NA,NA,NA,NA,NA,NA,NA,NA,NA,NA,NA,NA,NA,NA,NA,NA,NA,NA,NA,NA,NA,NA,NA,NA,NA,NA,NA,NA,NA,NA,NA,NA,NA,NA,NA
"415","Clay_DOC_BuffaloPound_2019_USaskatchewan_BaulchLabandWSA.xlsx","DOC_BuffaloPound_2019_USaskatch","Upstream of Causeway East","BPL u/s causeway East",2019-04-22,NA,NA,NA,NA,NA,NA,NA,NA,NA,NA,NA,NA,NA,NA,NA,NA,NA,NA,NA,NA,9.25604505335942,NA,6.37110311082708,1.49170165114505,0.263201858360033,0.0229406370806688,0.0208697335263283,1.09922999504176,0.742036449747572,1.54007154204995,6.40494682506544,0.864955140985612,0.926410196181758,0.155163058027951,0.486357889660039,0.179750873706555,0.0522060303224651,0.544968695862035,0.3374697349763,NA,0.231178839445403,NA,NA,NA,NA,NA,NA,NA,NA,NA,NA,NA,NA,NA,NA,NA,NA,NA,NA,NA,NA,NA,NA,NA,NA,NA,NA,NA,NA,NA,NA,NA,NA,NA,NA,NA,NA,NA,NA,NA,NA
"416","Clay_DOC_BuffaloPound_2019_USaskatchewan_BaulchLabandWSA.xlsx","DOC_BuffaloPound_2019_USaskatch","0.5 mi Below Causeway","BPL below causeway",2019-04-22,NA,NA,NA,NA,NA,NA,NA,NA,NA,NA,NA,NA,NA,NA,NA,NA,NA,NA,NA,NA,9.90890495176342,NA,6.84307222802562,1.57016806499583,0.236187858532878,0.0230903780741081,0.0219234159655446,1.05322902737409,0.749448086725198,1.52084776693296,6.40187861215711,0.864899162442685,1.08735502694892,0.175460855604813,0.591958595970944,0.218315653975111,0.0646950867636151,0.649415045831338,0.411232069373475,NA,0.277172940052163,NA,NA,NA,NA,NA,NA,NA,NA,NA,NA,NA,NA,NA,NA,NA,NA,NA,NA,NA,NA,NA,NA,NA,NA,NA,NA,NA,NA,NA,NA,NA,NA,NA,NA,NA,NA,NA,NA,NA,NA
"417","Clay_DOC_BuffaloPound_2019_USaskatchewan_BaulchLabandWSA.xlsx","DOC_BuffaloPound_2019_USaskatch","Opposite Parkview","BPL Parkview",2019-04-22,NA,NA,NA,NA,NA,NA,NA,NA,NA,NA,NA,NA,NA,NA,NA,NA,NA,NA,NA,NA,9.77146860609103,NA,6.72124684387882,1.57377559394664,0.269542932198501,0.02264875516743,0.020950776083497,1.08104611863379,0.743053317308014,1.50963613104579,7.03610194513675,0.875561558722488,1.00802062818823,0.142693500920799,0.524377561017728,0.196411155553842,0.057123149431547,0.589567109912018,0.361350663098258,NA,0.231291044186593,NA,NA,NA,NA,NA,NA,NA,NA,NA,NA,NA,NA,NA,NA,NA,NA,NA,NA,NA,NA,NA,NA,NA,NA,NA,NA,NA,NA,NA,NA,NA,NA,NA,NA,NA,NA,NA,NA,NA,NA
"418","Clay_DOC_BuffaloPound_2019_USaskatchewan_BaulchLabandWSA.xlsx","DOC_BuffaloPound_2019_USaskatch","Opposite Sun Valley","BPL Sun Valley",2019-04-22,NA,NA,NA,NA,NA,NA,NA,NA,NA,NA,NA,NA,NA,NA,NA,NA,NA,NA,NA,NA,10.1622275465256,NA,6.98265038192946,1.61967464121947,0.247872326460308,0.0226528480109889,0.0216845529041519,1.04465368094592,0.742467517759171,1.53349742259252,6.83451186009442,0.87235962905442,1.10071673514769,0.165743961587381,0.578063639113977,0.22692570188482,0.0657169064401755,0.643142747912158,0.402834856116739,NA,0.264247023136008,NA,NA,NA,NA,NA,NA,NA,NA,NA,NA,NA,NA,NA,NA,NA,NA,NA,NA,NA,NA,NA,NA,NA,NA,NA,NA,NA,NA,NA,NA,NA,NA,NA,NA,NA,NA,NA,NA,NA,NA
"419","Clay_DOC_BuffaloPound_2019_USaskatchewan_BaulchLabandWSA.xlsx","DOC_BuffaloPound_2019_USaskatch","Opposite South Lake","BPL South Lake",2019-05-02,NA,NA,NA,NA,NA,NA,NA,NA,NA,NA,NA,NA,NA,NA,NA,NA,NA,NA,NA,NA,8.84617209484297,NA,5.99406387972798,1.26533518134211,0.202113600484696,0.0253095336482767,0.0215344795244849,1.17530277987445,0.805874795162862,1.54870632736916,4.41805882461569,0.815432051889741,0.786798019724485,0.220228812184573,0.425178215109623,0.160215061024052,0.0450410308090482,0.476611724433411,0.349665499903831,NA,0.298616514451818,NA,NA,NA,NA,NA,NA,NA,NA,NA,NA,NA,NA,NA,NA,NA,NA,NA,NA,NA,NA,NA,NA,NA,NA,NA,NA,NA,NA,NA,NA,NA,NA,NA,NA,NA,NA,NA,NA,NA,NA
"420","Clay_DOC_BuffaloPound_2019_USaskatchewan_BaulchLabandWSA.xlsx","DOC_BuffaloPound_2019_USaskatch","Opposite WTP Intake","BPL WTP",2019-05-02,NA,NA,NA,NA,NA,NA,NA,NA,NA,NA,NA,NA,NA,NA,NA,NA,NA,NA,NA,NA,9.53979393097347,NA,6.56726269219833,1.47780764277729,0.221211226329601,0.023290156183367,0.0220952630938825,1.0540791519163,0.752025980115287,1.51493204237497,6.07498812100563,0.858657006499982,0.995862694482979,0.187813807884955,0.525635580142547,0.193447452483891,0.0562942175054221,0.582971206232535,0.37602454556676,NA,0.255372754597809,NA,NA,NA,NA,NA,NA,NA,NA,NA,NA,NA,NA,NA,NA,NA,NA,NA,NA,NA,NA,NA,NA,NA,NA,NA,NA,NA,NA,NA,NA,NA,NA,NA,NA,NA,NA,NA,NA,NA,NA
"421","Clay_DOC_BuffaloPound_2019_USaskatchewan_BaulchLabandWSA.xlsx","DOC_BuffaloPound_2019_USaskatch","0.5 mi Above Outlet","BPL above Outlet",2019-05-02,NA,NA,NA,NA,NA,NA,NA,NA,NA,NA,NA,NA,NA,NA,NA,NA,NA,NA,NA,NA,9.67707576181317,NA,6.66866958546461,1.53510690765044,0.234916543601842,0.023165706226751,0.0217407864856725,1.06554131526095,0.770923701467736,1.51631045332226,5.63342316217864,0.849248272641246,0.936377797102201,0.178112676738874,0.500849664027225,0.1761116014514,0.0472044104127497,0.572406392650571,0.380046432881517,NA,0.268790734506517,NA,NA,NA,NA,NA,NA,NA,NA,NA,NA,NA,NA,NA,NA,NA,NA,NA,NA,NA,NA,NA,NA,NA,NA,NA,NA,NA,NA,NA,NA,NA,NA,NA,NA,NA,NA,NA,NA,NA,NA
"422","JM-WSA_BP-data-2019.xlsx","Sheet1","Opposite WTP Intake","Buffalo Pound Lake Opp Treatment Plant Intake",2019-05-28,NA,NA,NA,NA,NA,NA,NA,NA,NA,NA,NA,NA,NA,NA,NA,NA,NA,NA,4.8,NA,0.087,NA,NA,NA,NA,NA,NA,NA,NA,NA,NA,NA,NA,NA,NA,NA,NA,NA,NA,NA,NA,NA,NA,NA,NA,NA,NA,NA,NA,NA,NA,NA,NA,NA,NA,NA,NA,NA,NA,NA,NA,NA,NA,NA,NA,NA,NA,NA,NA,NA,NA,NA,NA,NA,NA,NA,0.85,0.6,4.16,3.58,0.535
"423","JM-WSA_BP-data-2019.xlsx","Sheet1","0.5 mi Above Outlet","Buffalo Pound Lake 0.5mi above Outlet",2019-05-28,NA,NA,NA,NA,NA,NA,NA,NA,NA,NA,NA,NA,NA,NA,NA,NA,NA,NA,5.3,NA,0.089,NA,NA,NA,NA,NA,NA,NA,NA,NA,NA,NA,NA,NA,NA,NA,NA,NA,NA,NA,NA,NA,NA,NA,NA,NA,NA,NA,NA,NA,NA,NA,NA,NA,NA,NA,NA,NA,NA,NA,NA,NA,NA,NA,NA,NA,NA,NA,NA,NA,NA,NA,NA,NA,NA,NA,0.95,0.43,4.07,2.35,0.547
"424","JM-WSA_BP-data-2019.xlsx","Sheet1","Opposite Parkview","Buffalo Pound Lake Opp Parkview",2019-05-28,NA,NA,NA,NA,NA,NA,NA,NA,NA,NA,NA,NA,NA,NA,NA,NA,NA,NA,4.7,NA,0.093,NA,NA,NA,NA,NA,NA,NA,NA,NA,NA,NA,NA,NA,NA,NA,NA,NA,NA,NA,NA,NA,NA,NA,NA,NA,NA,NA,NA,NA,NA,NA,NA,NA,NA,NA,NA,NA,NA,NA,NA,NA,NA,NA,NA,NA,NA,NA,NA,NA,NA,NA,NA,NA,NA,NA,1.1,0.68,2.76,2.85,0.566
"425","JM-WSA_BP-data-2019.xlsx","Sheet1","Opposite Sun Valley","Buffalo Pound Lake Opp Sun Valley",2019-05-28,NA,NA,NA,NA,NA,NA,NA,NA,NA,NA,NA,NA,NA,NA,NA,NA,NA,NA,4.8,NA,0.092,NA,NA,NA,NA,NA,NA,NA,NA,NA,NA,NA,NA,NA,NA,NA,NA,NA,NA,NA,NA,NA,NA,NA,NA,NA,NA,NA,NA,NA,NA,NA,NA,NA,NA,NA,NA,NA,NA,NA,NA,NA,NA,NA,NA,NA,NA,NA,NA,NA,NA,NA,NA,NA,NA,NA,1.3,0.77,5.76,2.2,0.452
"426","JM-WSA_BP-data-2019.xlsx","Sheet1","Opposite South Lake","Buffalo Pound Lake Opp South Lake",2019-05-28,NA,NA,NA,NA,NA,NA,NA,NA,NA,NA,NA,NA,NA,NA,NA,NA,NA,NA,5,NA,0.094,NA,NA,NA,NA,NA,NA,NA,NA,NA,NA,NA,NA,NA,NA,NA,NA,NA,NA,NA,NA,NA,NA,NA,NA,NA,NA,NA,NA,NA,NA,NA,NA,NA,NA,NA,NA,NA,NA,NA,NA,NA,NA,NA,NA,NA,NA,NA,NA,NA,NA,NA,NA,NA,NA,NA,1.6,1.03,7.46,2.16,0.669
"427","JM-WSA_BP-data-2019.xlsx","Sheet1","0.5 mi Below Causeway","Buffalo Pound Lake 0.5mi Below Causeway",2019-05-28,NA,NA,NA,NA,NA,NA,NA,NA,NA,NA,NA,NA,NA,NA,NA,NA,NA,NA,4.8,NA,0.103,NA,NA,NA,NA,NA,NA,NA,NA,NA,NA,NA,NA,NA,NA,NA,NA,NA,NA,NA,NA,NA,NA,NA,NA,NA,NA,NA,NA,NA,NA,NA,NA,NA,NA,NA,NA,NA,NA,NA,NA,NA,NA,NA,NA,NA,NA,NA,NA,NA,NA,NA,NA,NA,NA,NA,3,2.4,5.17,1.45,0.886
"428","JM-WSA_BP-data-2019.xlsx","Sheet1","Upstream of Causeway West","Buffalo Pound Lake Upstream of Causeway- WEST",2019-05-28,NA,NA,NA,NA,NA,NA,NA,NA,NA,NA,NA,NA,NA,NA,NA,NA,NA,NA,4.7,NA,0.121,NA,NA,NA,NA,NA,NA,NA,NA,NA,NA,NA,NA,NA,NA,NA,NA,NA,NA,NA,NA,NA,NA,NA,NA,NA,NA,NA,NA,NA,NA,NA,NA,NA,NA,NA,NA,NA,NA,NA,NA,NA,NA,NA,NA,NA,NA,NA,NA,NA,NA,NA,NA,NA,NA,NA,4.3,3.89,7.89,1,1.215
"429","JM-WSA_BP-data-2019.xlsx","Sheet1","Upstream of Causeway Centre","Buffalo Pound Lake Upstream of Causeway",2019-05-28,NA,NA,NA,NA,NA,NA,NA,NA,NA,NA,NA,NA,NA,NA,NA,NA,NA,NA,4.8,NA,0.12,NA,NA,NA,NA,NA,NA,NA,NA,NA,NA,NA,NA,NA,NA,NA,NA,NA,NA,NA,NA,NA,NA,NA,NA,NA,NA,NA,NA,NA,NA,NA,NA,NA,NA,NA,NA,NA,NA,NA,NA,NA,NA,NA,NA,NA,NA,NA,NA,NA,NA,NA,NA,NA,NA,NA,4,3.71,7.38,1,1.105
"430","JM-WSA_BP-data-2019.xlsx","Sheet1","Upstream of Causeway East","Buffalo Pound Lake Upstream of Causeway- EAST",2019-05-28,NA,NA,NA,NA,NA,NA,NA,NA,NA,NA,NA,NA,NA,NA,NA,NA,NA,NA,4.7,NA,0.124,NA,NA,NA,NA,NA,NA,NA,NA,NA,NA,NA,NA,NA,NA,NA,NA,NA,NA,NA,NA,NA,NA,NA,NA,NA,NA,NA,NA,NA,NA,NA,NA,NA,NA,NA,NA,NA,NA,NA,NA,NA,NA,NA,NA,NA,NA,NA,NA,NA,NA,NA,NA,NA,NA,NA,3.7,4.4,3.99,1,1.422
"431","JM-WSA_BP-data-2019.xlsx","Sheet1","1.5 km below Qu'Appelle R. Inflow West","Buffalo Pound Lake 1.5 km below Qu'Appelle R. Inflow - WEST",2019-05-28,NA,NA,NA,NA,NA,NA,NA,NA,NA,NA,NA,NA,NA,NA,NA,NA,NA,NA,4.4,NA,0.131,NA,NA,NA,NA,NA,NA,NA,NA,NA,NA,NA,NA,NA,NA,NA,NA,NA,NA,NA,NA,NA,NA,NA,NA,NA,NA,NA,NA,NA,NA,NA,NA,NA,NA,NA,NA,NA,NA,NA,NA,NA,NA,NA,NA,NA,NA,NA,NA,NA,NA,NA,NA,NA,NA,NA,5.9,6.19,7.79,0.55,1.422
"432","JM-WSA_BP-data-2019.xlsx","Sheet1","1.5 km below Qu'Appelle R. Inflow Centre","Buffalo Pound Lake 1.5 km below Qu'Appelle R. Inflow",2019-05-28,NA,NA,NA,NA,NA,NA,NA,NA,NA,NA,NA,NA,NA,NA,NA,NA,NA,NA,4.4,NA,0.149,NA,NA,NA,NA,NA,NA,NA,NA,NA,NA,NA,NA,NA,NA,NA,NA,NA,NA,NA,NA,NA,NA,NA,NA,NA,NA,NA,NA,NA,NA,NA,NA,NA,NA,NA,NA,NA,NA,NA,NA,NA,NA,NA,NA,NA,NA,NA,NA,NA,NA,NA,NA,NA,NA,NA,6.7,6.49,13.29,0.49,1.81
"433","JM-WSA_BP-data-2019.xlsx","Sheet1","1.5 km below Qu'Appelle R. Inflow East","Buffalo Pound Lake 1.5 km below Qu'Appelle R. Inflow - EAST",2019-05-28,NA,NA,NA,NA,NA,NA,NA,NA,NA,NA,NA,NA,NA,NA,NA,NA,NA,NA,4.5,NA,0.159,NA,NA,NA,NA,NA,NA,NA,NA,NA,NA,NA,NA,NA,NA,NA,NA,NA,NA,NA,NA,NA,NA,NA,NA,NA,NA,NA,NA,NA,NA,NA,NA,NA,NA,NA,NA,NA,NA,NA,NA,NA,NA,NA,NA,NA,NA,NA,NA,NA,NA,NA,NA,NA,NA,NA,9,8.57,8.79,0.41,1.924
"434","Clay_DOC_BuffaloPound_2019_USaskatchewan_BaulchLabandWSA.xlsx","DOC_BuffaloPound_2019_USaskatch","Qu'Appelle River at Marquis","Qu'Appelle @ Marquis",2019-05-28,NA,NA,NA,NA,NA,NA,NA,NA,NA,NA,NA,NA,NA,NA,NA,NA,NA,NA,NA,NA,9.24582523665436,NA,6.31670730977004,1.38121150158639,0.219889677132665,0.0242099482047412,0.0216708366304128,1.1171672149826,0.77074027059477,1.54071418518039,5.1876101427357,0.83838671523706,0.868378817502112,0.191765438301822,0.463483783076171,0.175476729035257,0.0515363375706604,0.510700430680244,0.35227934058278,NA,0.292812849047984,NA,NA,NA,NA,NA,NA,NA,NA,NA,NA,NA,NA,NA,NA,NA,NA,NA,NA,NA,NA,NA,NA,NA,NA,NA,NA,NA,NA,NA,NA,NA,NA,NA,NA,NA,NA,NA,NA,NA,NA
"435","Clay_DOC_BuffaloPound_2019_USaskatchewan_BaulchLabandWSA.xlsx","DOC_BuffaloPound_2019_USaskatch","Qu'Appelle River at Hwy 19","Qu'Appelle @ HWY19",2019-05-28,NA,NA,NA,NA,NA,NA,NA,NA,NA,NA,NA,NA,NA,NA,NA,NA,NA,NA,NA,NA,9.63746777014659,NA,6.597383298172,1.54328641813447,0.304592955302362,0.0236209676100863,0.019789694091154,1.19359943116275,0.767780357389181,1.54444460301452,5.39620111289727,0.843657198648178,0.893131523097788,0.175744563099593,0.46266316019888,0.179649634154283,0.0517839968184636,0.516625612288172,0.355676110449742,NA,0.282654185480753,NA,NA,NA,NA,NA,NA,NA,NA,NA,NA,NA,NA,NA,NA,NA,NA,NA,NA,NA,NA,NA,NA,NA,NA,NA,NA,NA,NA,NA,NA,NA,NA,NA,NA,NA,NA,NA,NA,NA,NA
"436","Clay_DOC_BuffaloPound_2019_USaskatchewan_BaulchLabandWSA.xlsx","DOC_BuffaloPound_2019_USaskatch","0.5 mi Below Outlet","BP Outlet",2019-05-28,NA,NA,NA,NA,NA,NA,NA,NA,NA,NA,NA,NA,NA,NA,NA,NA,NA,NA,NA,NA,9.430976564639,NA,6.46970898794026,1.40026997449178,0.188810871251729,0.0242545482174899,0.0227308517350711,1.06703208925814,0.764475590841647,1.52916265053131,5.30956504816528,0.841510469839631,0.957229098119693,0.1992810559435,0.514518451471217,0.189845459463576,0.05519025937361,0.573957610774904,0.384008401312109,NA,0.283131522308057,NA,NA,NA,NA,NA,NA,NA,NA,NA,NA,NA,NA,NA,NA,NA,NA,NA,NA,NA,NA,NA,NA,NA,NA,NA,NA,NA,NA,NA,NA,NA,NA,NA,NA,NA,NA,NA,NA,NA,NA
"437","Clay_DOC_BuffaloPound_2019_USaskatchewan_BaulchLabandWSA.xlsx","DOC_BuffaloPound_2019_USaskatch","Method Blank","Method Blank",2019-05-28,NA,NA,NA,NA,NA,NA,NA,NA,NA,NA,NA,NA,NA,NA,NA,NA,NA,NA,NA,NA,9.83969067426672,NA,6.77622881528378,1.61350735963142,0.305864669566891,0.0232922178456168,0.0196888258021534,1.18301711232923,0.756422004960754,1.52734559474136,5.69049392270012,0.850534203968543,0.922836277373932,0.179772383301355,0.486840176488941,0.191962582611367,0.0545964200641245,0.53426988264048,0.359912609873532,NA,0.277465099945915,NA,NA,NA,NA,NA,NA,NA,NA,NA,NA,NA,NA,NA,NA,NA,NA,NA,NA,NA,NA,NA,NA,NA,NA,NA,NA,NA,NA,NA,NA,NA,NA,NA,NA,NA,NA,NA,NA,NA,NA
"438","Clay_DOC_BuffaloPound_2019_USaskatchewan_BaulchLabandWSA.xlsx","DOC_BuffaloPound_2019_USaskatch","1.5 km below Qu'Appelle R. Inflow East","BPL below Qu'Appelle East",2019-05-28,NA,NA,NA,NA,NA,NA,NA,NA,NA,NA,NA,NA,NA,NA,NA,NA,NA,NA,NA,NA,9.87289566282194,NA,6.7191224225593,1.5175805177584,0.239045915434694,0.0236544435395256,0.0217095076803062,1.08958912785405,0.758856097056999,1.51482663578884,5.59813036785831,0.848441915474824,1.0006599491933,0.191276395977525,0.515890914991811,0.20099130628524,0.058772741365823,0.573508462652326,0.386893602185988,NA,0.293846257946934,NA,NA,NA,NA,NA,NA,NA,NA,NA,NA,NA,NA,NA,NA,NA,NA,NA,NA,NA,NA,NA,NA,NA,NA,NA,NA,NA,NA,NA,NA,NA,NA,NA,NA,NA,NA,NA,NA,NA,NA
"439","Clay_DOC_BuffaloPound_2019_USaskatchewan_BaulchLabandWSA.xlsx","DOC_BuffaloPound_2019_USaskatch","1.5 km below Qu'Appelle R. Inflow Centre","BPL below Qu'Appelle Centre",2019-05-28,NA,NA,NA,NA,NA,NA,NA,NA,NA,NA,NA,NA,NA,NA,NA,NA,NA,NA,NA,NA,9.62645431982417,NA,6.58578548183955,1.45803523565917,0.227721390631597,0.0240695898966598,0.0215552465671682,1.11664646570646,0.755213110128501,1.5251622273244,5.38435525248992,0.843367112190382,0.910721176730479,0.204669400531222,0.481477083615761,0.178216712929529,0.0507299598925833,0.535840689945163,0.365433960631057,NA,0.27726294023933,NA,NA,NA,NA,NA,NA,NA,NA,NA,NA,NA,NA,NA,NA,NA,NA,NA,NA,NA,NA,NA,NA,NA,NA,NA,NA,NA,NA,NA,NA,NA,NA,NA,NA,NA,NA,NA,NA,NA,NA
"440","Clay_DOC_BuffaloPound_2019_USaskatchewan_BaulchLabandWSA.xlsx","DOC_BuffaloPound_2019_USaskatch","1.5 km below Qu'Appelle R. Inflow West","BPL below Qu'Appelle West",2019-05-28,NA,NA,NA,NA,NA,NA,NA,NA,NA,NA,NA,NA,NA,NA,NA,NA,NA,NA,NA,NA,9.87532563584303,NA,6.7952086797568,1.535315166028,0.236966756135436,0.0237600972629349,0.021540536579047,1.10304110465136,0.767790169650979,1.50987648426246,5.59268176667405,0.848316658471976,0.993403689241431,0.201700336123564,0.525657359653547,0.199886561284868,0.0581344150023686,0.58569777074061,0.392322377487304,NA,0.292714480587381,NA,NA,NA,NA,NA,NA,NA,NA,NA,NA,NA,NA,NA,NA,NA,NA,NA,NA,NA,NA,NA,NA,NA,NA,NA,NA,NA,NA,NA,NA,NA,NA,NA,NA,NA,NA,NA,NA,NA,NA
"441","Clay_DOC_BuffaloPound_2019_USaskatchewan_BaulchLabandWSA.xlsx","DOC_BuffaloPound_2019_USaskatch","Upstream of Causeway East","BPL u/s causeway East",2019-05-28,NA,NA,NA,NA,NA,NA,NA,NA,NA,NA,NA,NA,NA,NA,NA,NA,NA,NA,NA,NA,9.11748514513707,NA,6.22480323887134,1.4210321616566,0.230798939028887,0.0233112880471954,0.021169123902891,1.10119285777395,0.744425717947841,1.52700836792778,7.01679846558474,0.875261926030336,0.868339485639549,0.118137278472433,0.442131309722958,0.168861686003201,0.0482804544624653,0.503995393943391,0.317950265947283,NA,0.213490057409623,NA,NA,NA,NA,NA,NA,NA,NA,NA,NA,NA,NA,NA,NA,NA,NA,NA,NA,NA,NA,NA,NA,NA,NA,NA,NA,NA,NA,NA,NA,NA,NA,NA,NA,NA,NA,NA,NA,NA,NA
"442","Clay_DOC_BuffaloPound_2019_USaskatchewan_BaulchLabandWSA.xlsx","DOC_BuffaloPound_2019_USaskatch","Upstream of Causeway Centre","BPL u/s causeway Centre",2019-05-28,NA,NA,NA,NA,NA,NA,NA,NA,NA,NA,NA,NA,NA,NA,NA,NA,NA,NA,NA,NA,8.42590381339112,NA,5.68017866722976,1.181530216943,0.165924875741024,0.0248126430883986,0.0230225194728653,1.07775533071622,0.760830546799034,1.50734391597021,6.42743002476183,0.865363928483181,0.745817871775934,0.103049668192044,0.396395535058467,0.148072266517706,0.0440115236293447,0.438300107988638,0.276309698343649,NA,0.194016769319692,NA,NA,NA,NA,NA,NA,NA,NA,NA,NA,NA,NA,NA,NA,NA,NA,NA,NA,NA,NA,NA,NA,NA,NA,NA,NA,NA,NA,NA,NA,NA,NA,NA,NA,NA,NA,NA,NA,NA,NA
"443","Clay_DOC_BuffaloPound_2019_USaskatchewan_BaulchLabandWSA.xlsx","DOC_BuffaloPound_2019_USaskatch","Upstream of Causeway West","BPL u/s causeway West",2019-05-28,NA,NA,NA,NA,NA,NA,NA,NA,NA,NA,NA,NA,NA,NA,NA,NA,NA,NA,NA,NA,9.8328641227166,NA,6.76975744984917,1.57400172540113,0.292173476861221,0.0237132297729375,0.0201117354461962,1.17907426916867,0.76027795973817,1.51808838474767,5.35449993768083,0.842631204688474,0.937502703301918,0.196260538309968,0.48788322199546,0.186558366989637,0.0546732810417712,0.547405431477898,0.370082765636134,NA,0.29508777270622,NA,NA,NA,NA,NA,NA,NA,NA,NA,NA,NA,NA,NA,NA,NA,NA,NA,NA,NA,NA,NA,NA,NA,NA,NA,NA,NA,NA,NA,NA,NA,NA,NA,NA,NA,NA,NA,NA,NA,NA
"444","Clay_DOC_BuffaloPound_2019_USaskatchewan_BaulchLabandWSA.xlsx","DOC_BuffaloPound_2019_USaskatch","0.5 mi Below Causeway","BPL below causeway",2019-05-28,NA,NA,NA,NA,NA,NA,NA,NA,NA,NA,NA,NA,NA,NA,NA,NA,NA,NA,NA,NA,9.24542473985602,NA,6.33302517902305,1.33794311734837,0.226575659645516,0.0252777423465218,0.0213038324879136,1.18653497490946,0.788969265314861,1.56664504421392,4.80634988594752,0.827774760453174,0.902226968344028,0.227477548996926,0.506283195557833,0.184676231969934,0.0531348692927103,0.555903372126227,0.382055477205575,NA,0.315805569176521,NA,NA,NA,NA,NA,NA,NA,NA,NA,NA,NA,NA,NA,NA,NA,NA,NA,NA,NA,NA,NA,NA,NA,NA,NA,NA,NA,NA,NA,NA,NA,NA,NA,NA,NA,NA,NA,NA,NA,NA
"445","Clay_DOC_BuffaloPound_2019_USaskatchewan_BaulchLabandWSA.xlsx","DOC_BuffaloPound_2019_USaskatch","Opposite South Lake","BPL South Lake",2019-05-28,NA,NA,NA,NA,NA,NA,NA,NA,NA,NA,NA,NA,NA,NA,NA,NA,NA,NA,NA,NA,9.82547499503056,NA,6.71002824749415,1.52543196278902,0.248319855963937,0.0233779586764098,0.0211799381976866,1.10377841796362,0.748265810709155,1.51260234021973,6.23584578339269,0.861799155214841,0.930496666554719,0.139219906633057,0.472211361644508,0.185988197414249,0.0548171533231287,0.534333557739922,0.340801565091202,NA,0.229657389820248,NA,NA,NA,NA,NA,NA,NA,NA,NA,NA,NA,NA,NA,NA,NA,NA,NA,NA,NA,NA,NA,NA,NA,NA,NA,NA,NA,NA,NA,NA,NA,NA,NA,NA,NA,NA,NA,NA,NA,NA
"446","Clay_DOC_BuffaloPound_2019_USaskatchewan_BaulchLabandWSA.xlsx","DOC_BuffaloPound_2019_USaskatch","Buoy 0.8 m","Buoy 0.8 m",2019-05-29,NA,NA,NA,NA,NA,NA,NA,NA,NA,NA,NA,NA,NA,NA,NA,NA,NA,NA,3.783,NA,9.21890492132403,NA,5.91821498320385,1.40110914357656,0.345755136138188,0.0229972395988351,0.0170726499694823,1.34702226308998,0.76796125851062,1.53015135887523,4.6440574269666,0.822822497300944,0.751689337807831,0.2515416536015,0.389163725195733,0.143273365424345,0.040781647561267,0.436826377823142,0.31229665716868,NA,0.267950315387808,NA,NA,NA,NA,NA,NA,NA,NA,NA,NA,NA,NA,NA,NA,NA,NA,NA,NA,NA,NA,NA,NA,0.266,NA,NA,NA,NA,NA,NA,NA,NA,NA,NA,NA,NA,NA,NA,NA,NA,NA
"447","Clay_DOC_BuffaloPound_2019_USaskatchewan_BaulchLabandWSA.xlsx","DOC_BuffaloPound_2019_USaskatch","Buoy 2.8 m","Buoy 2.8 m",2019-05-29,NA,NA,NA,NA,NA,NA,NA,NA,NA,NA,NA,NA,NA,NA,NA,NA,NA,NA,3.772,NA,8.92093294301553,NA,5.90451224295731,1.26559892869377,0.209382731114457,0.023861549881761,0.0210427474595669,1.13395600681947,0.759365447479257,1.56009870195576,5.05669963121147,0.834893578864835,0.720431728100826,0.186661371123121,0.383057802468918,0.144390712054383,0.0399792495258955,0.435998412873772,0.283782080212822,NA,0.2410285683927,NA,NA,NA,NA,NA,NA,NA,NA,NA,NA,NA,NA,NA,NA,NA,NA,NA,NA,NA,NA,NA,NA,0.2533,NA,NA,NA,NA,NA,NA,NA,NA,NA,NA,NA,NA,NA,NA,NA,NA,NA
"448","Clay_DOC_BuffaloPound_2019_USaskatchewan_BaulchLabandWSA.xlsx","DOC_BuffaloPound_2019_USaskatch","Opposite Sun Valley","BPL Sun Valley",2019-05-29,NA,NA,NA,NA,NA,NA,NA,NA,NA,NA,NA,NA,NA,NA,NA,NA,NA,NA,NA,NA,8.60055135594911,NA,5.77444930561071,1.20340078787297,0.181259535383515,0.0252212304421302,0.0220301182533783,1.14485224963613,0.77714526131487,1.54090486861918,5.23135965540736,0.839521379714901,0.743330555514813,0.156587041967593,0.390590026116598,0.148404959538884,0.0437855644270946,0.433182431865609,0.293593480514854,NA,0.244382097850305,NA,NA,NA,NA,NA,NA,NA,NA,NA,NA,NA,NA,NA,NA,NA,NA,NA,NA,NA,NA,NA,NA,NA,NA,NA,NA,NA,NA,NA,NA,NA,NA,NA,NA,NA,NA,NA,NA,NA,NA
"449","Clay_DOC_BuffaloPound_2019_USaskatchewan_BaulchLabandWSA.xlsx","DOC_BuffaloPound_2019_USaskatch","Opposite Parkview","BPL Parkview",2019-05-29,NA,NA,NA,NA,NA,NA,NA,NA,NA,NA,NA,NA,NA,NA,NA,NA,NA,NA,NA,NA,8.77026471319709,NA,5.95526112330993,1.33063387665977,0.202392070910703,0.0234263433195797,0.0220928126169116,1.06036038623925,0.742413563863347,1.49804241801239,7.07468545505696,0.876156166631392,0.840159581397786,0.11206481927033,0.424422453031758,0.154004502884435,0.0439068716940216,0.491552212498243,0.304486172759617,NA,0.204435278190443,NA,NA,NA,NA,NA,NA,NA,NA,NA,NA,NA,NA,NA,NA,NA,NA,NA,NA,NA,NA,NA,NA,NA,NA,NA,NA,NA,NA,NA,NA,NA,NA,NA,NA,NA,NA,NA,NA,NA,NA
"450","Clay_DOC_BuffaloPound_2019_USaskatchewan_BaulchLabandWSA.xlsx","DOC_BuffaloPound_2019_USaskatch","0.5 mi Above Outlet","BPL above Outlet",2019-05-29,NA,NA,NA,NA,NA,NA,NA,NA,NA,NA,NA,NA,NA,NA,NA,NA,NA,NA,NA,NA,8.64258042102823,NA,5.87048143862211,1.28470417688726,0.200378217003959,0.0237332988836359,0.0217920594303479,1.08908012845196,0.736021458661392,1.48263878895564,6.86461673032366,0.872848222069832,0.82307984178583,0.102876721882719,0.41784532661298,0.1602159386809,0.0479529937976747,0.477819851991597,0.29531090808878,NA,0.193880658358853,NA,NA,NA,NA,NA,NA,NA,NA,NA,NA,NA,NA,NA,NA,NA,NA,NA,NA,NA,NA,NA,NA,NA,NA,NA,NA,NA,NA,NA,NA,NA,NA,NA,NA,NA,NA,NA,NA,NA,NA
"451","Clay_DOC_BuffaloPound_2019_USaskatchewan_BaulchLabandWSA.xlsx","DOC_BuffaloPound_2019_USaskatch","Buoy 0.8 m","Buoy 0.8 m",2019-06-03,NA,NA,NA,NA,NA,NA,NA,NA,NA,NA,NA,NA,NA,NA,NA,NA,NA,NA,3.975,NA,9.15594291616334,NA,5.97786184992547,1.37591469531218,0.316461169477226,0.0226036165774845,0.0164175250127908,1.37679805938314,0.753146973399685,1.56482622297913,3.77381397606167,0.790523886139152,0.767692375498247,0.265175212627922,0.406214846170741,0.149711074736449,0.0434417297221617,0.452170426557731,0.312826858393166,NA,0.283528750713287,NA,NA,NA,NA,NA,NA,NA,NA,NA,NA,NA,NA,NA,NA,NA,NA,NA,NA,NA,NA,NA,NA,0.276,NA,NA,NA,NA,NA,NA,NA,NA,NA,NA,NA,NA,NA,NA,NA,NA,NA
"452","Clay_DOC_BuffaloPound_2019_USaskatchewan_BaulchLabandWSA.xlsx","DOC_BuffaloPound_2019_USaskatch","Buoy 2.8 m","Buoy 2.8 m",2019-06-03,NA,NA,NA,NA,NA,NA,NA,NA,NA,NA,NA,NA,NA,NA,NA,NA,NA,NA,3.889,NA,9.47447093983929,NA,5.91170561565365,1.2747050958951,0.221883354800945,0.0243447960878283,0.0209462558828596,1.16225048638644,0.771883764956288,1.51193083942798,4.16053834535978,0.806221767366737,0.692535066329923,0.155234525474418,0.365268228440987,0.137039929062299,0.0395485186083152,0.407418240962231,0.283324984872102,NA,0.258087915105221,NA,NA,NA,NA,NA,NA,NA,NA,NA,NA,NA,NA,NA,NA,NA,NA,NA,NA,NA,NA,NA,NA,0.278,NA,NA,NA,NA,NA,NA,NA,NA,NA,NA,NA,NA,NA,NA,NA,NA,NA
"453","Clay_DOC_BuffaloPound_2019_USaskatchewan_BaulchLabandWSA.xlsx","DOC_BuffaloPound_2019_USaskatch","Opposite WTP Intake","BPL WTP",2019-06-10,NA,NA,NA,NA,NA,NA,NA,NA,NA,NA,NA,NA,NA,NA,NA,NA,NA,NA,NA,NA,8.60417222804899,NA,5.82960260567705,1.27427259421262,0.199891930261186,0.0239309572080248,0.0217788020665846,1.09881880256133,0.75457101558337,1.50188548595934,6.29558224264279,0.862930748123846,0.768899446893699,0.11776813405718,0.386070272145066,0.140522242348548,0.0400497916503406,0.445593244576543,0.285649654518995,NA,0.203217235597244,NA,NA,NA,NA,NA,NA,NA,NA,NA,NA,NA,NA,NA,NA,NA,NA,NA,NA,NA,NA,NA,NA,NA,NA,NA,NA,NA,NA,NA,NA,NA,NA,NA,NA,NA,NA,NA,NA,NA,NA
"454","Clay_DOC_BuffaloPound_2019_USaskatchewan_BaulchLabandWSA.xlsx","DOC_BuffaloPound_2019_USaskatch","Method Blank","Method Blank",2019-06-10,NA,NA,NA,NA,NA,NA,NA,NA,NA,NA,NA,NA,NA,NA,NA,NA,NA,NA,NA,NA,8.46943284720136,NA,5.72088094203119,1.24737482155479,0.182796310829981,0.0240881812312032,0.022348073926637,1.07786386022699,0.748514588463467,1.49365714715586,6.6984652017655,0.870103978677377,0.780871647120024,0.100980525899729,0.397782497621081,0.153499330007115,0.0462033539858039,0.452003793843587,0.283159296124304,NA,0.195360400809567,NA,NA,NA,NA,NA,NA,NA,NA,NA,NA,NA,NA,NA,NA,NA,NA,NA,NA,NA,NA,NA,NA,NA,NA,NA,NA,NA,NA,NA,NA,NA,NA,NA,NA,NA,NA,NA,NA,NA,NA
"455","Clay_DOC_BuffaloPound_2019_USaskatchewan_BaulchLabandWSA.xlsx","DOC_BuffaloPound_2019_USaskatch","Qu'Appelle River at Hwy 19","Qu'Appelle @ HWY19",2019-06-10,NA,NA,NA,NA,NA,NA,NA,NA,NA,NA,NA,NA,NA,NA,NA,NA,NA,NA,NA,NA,8.37098835189206,NA,5.58399031213197,1.16846536685907,0.197774674718942,0.0257571020426454,0.0214065028415241,1.20323727015709,0.785648810953312,1.51524104706354,6.13089902990866,0.859765227945906,0.683973672663049,0.110978027045882,0.364762417980796,0.134900913138877,0.0418031259499818,0.404600106562294,0.26944639273917,NA,0.188436518888258,NA,NA,NA,NA,NA,NA,NA,NA,NA,NA,NA,NA,NA,NA,NA,NA,NA,NA,NA,NA,NA,NA,NA,NA,NA,NA,NA,NA,NA,NA,NA,NA,NA,NA,NA,NA,NA,NA,NA,NA
"456","Clay_DOC_BuffaloPound_2019_USaskatchewan_BaulchLabandWSA.xlsx","DOC_BuffaloPound_2019_USaskatch","Buoy 0.8 m","Buoy 0.8 m",2019-06-12,NA,NA,NA,NA,NA,NA,NA,NA,NA,NA,NA,NA,NA,NA,NA,NA,NA,NA,3.733,NA,8.68129113570411,NA,5.54426416876734,1.23424293404856,0.252758986176472,0.0239451024164291,0.0187513136894881,1.27698265907912,0.771816641953594,1.55865881064018,4.35187790242738,0.813149698436423,0.701861068331096,0.196645733857847,0.375541049060786,0.134644982949153,0.0392154013581977,0.421781437640441,0.295196026815164,NA,0.273051762671478,NA,NA,NA,NA,NA,NA,NA,NA,NA,NA,NA,NA,NA,NA,NA,NA,NA,NA,NA,NA,NA,NA,0.2948,NA,NA,NA,NA,NA,NA,NA,NA,NA,NA,NA,NA,NA,NA,NA,NA,NA
"457","Clay_DOC_BuffaloPound_2019_USaskatchewan_BaulchLabandWSA.xlsx","DOC_BuffaloPound_2019_USaskatch","Buoy 2.8 m","Buoy 2.8 m",2019-06-12,NA,NA,NA,NA,NA,NA,NA,NA,NA,NA,NA,NA,NA,NA,NA,NA,NA,NA,3.833,NA,8.6132570810915,NA,5.58803585569911,1.18387870138607,0.190086309181466,0.0249235843188142,0.0215393790870449,1.15711712106895,0.773640418331629,1.54197512926157,4.37626462883334,0.813997251058491,0.711105587319234,0.167675736408503,0.375947144634513,0.138056825118279,0.0407463723773334,0.422864585428874,0.279418031532965,NA,0.239738572507141,NA,NA,NA,NA,NA,NA,NA,NA,NA,NA,NA,NA,NA,NA,NA,NA,NA,NA,NA,NA,NA,NA,0.269,NA,NA,NA,NA,NA,NA,NA,NA,NA,NA,NA,NA,NA,NA,NA,NA,NA
"458","Clay_DOC_BuffaloPound_2019_USaskatchewan_BaulchLabandWSA.xlsx","DOC_BuffaloPound_2019_USaskatch","Buoy 0.8 m","Buoy 0.8 m",2019-06-19,NA,NA,NA,NA,NA,NA,NA,NA,NA,NA,NA,NA,NA,NA,NA,NA,NA,NA,3.841,NA,9.05907376657666,NA,5.66042505156795,1.30311931412188,0.296768120040506,0.023689059031924,0.0179556859679639,1.31930682426667,0.787590665904258,1.52510343506036,4.03524422222852,0.801399901203319,0.706285166800969,0.170857475631992,0.37537248109306,0.140662544382286,0.0406238404609332,0.42211518771535,0.289954640491819,NA,0.27043771350941,NA,NA,NA,NA,NA,NA,NA,NA,NA,NA,NA,NA,NA,NA,NA,NA,NA,NA,NA,NA,NA,NA,0.273,NA,NA,NA,NA,NA,NA,NA,NA,NA,NA,NA,NA,NA,NA,NA,NA,NA
"459","Clay_DOC_BuffaloPound_2019_USaskatchewan_BaulchLabandWSA.xlsx","DOC_BuffaloPound_2019_USaskatch","Buoy 2.8 m","Buoy 2.8 m",2019-06-19,NA,NA,NA,NA,NA,NA,NA,NA,NA,NA,NA,NA,NA,NA,NA,NA,NA,NA,3.725,NA,8.75037313503535,NA,5.57571489587087,1.20392669612933,0.226583825291378,0.0248731007124128,0.0201409084667432,1.23495426005651,0.781966427628101,1.53699680178925,4.24804076570981,0.809452699656241,0.682763057159671,0.168216800237955,0.362505075237109,0.136553225620317,0.0408015073623383,0.401780217445166,0.286468913491791,NA,0.266489479409289,NA,NA,NA,NA,NA,NA,NA,NA,NA,NA,NA,NA,NA,NA,NA,NA,NA,NA,NA,NA,NA,NA,0.3119,NA,NA,NA,NA,NA,NA,NA,NA,NA,NA,NA,NA,NA,NA,NA,NA,NA
"460","Clay_DOC_BuffaloPound_2019_USaskatchewan_BaulchLabandWSA.xlsx","DOC_BuffaloPound_2019_USaskatch","Qu'Appelle River at Marquis","Qu'Appelle @ Marquis",2019-06-24,NA,NA,NA,NA,NA,NA,NA,NA,NA,NA,NA,NA,NA,NA,NA,NA,NA,NA,NA,NA,7.87946646216373,NA,5.29006999671298,1.08082945757551,0.175697053541482,0.026182989751712,0.0221134715420756,1.18402891657663,0.800621784206483,1.53564402028523,5.06291610540137,0.835062867007328,0.641150065462561,0.12517917003534,0.343067380242013,0.128709091402261,0.0377620128233472,0.380881744620644,0.273656162718237,NA,0.205677045548279,NA,NA,NA,NA,NA,NA,NA,NA,NA,NA,NA,NA,NA,NA,NA,NA,NA,NA,NA,NA,NA,NA,NA,NA,NA,NA,NA,NA,NA,NA,NA,NA,NA,NA,NA,NA,NA,NA,NA,NA
"461","Clay_DOC_BuffaloPound_2019_USaskatchewan_BaulchLabandWSA.xlsx","DOC_BuffaloPound_2019_USaskatch","1.5 km below Qu'Appelle R. Inflow East","BPL below Qu'Appelle East",2019-06-24,NA,NA,NA,NA,NA,NA,NA,NA,NA,NA,NA,NA,NA,NA,NA,NA,NA,NA,NA,NA,7.95081511931615,NA,5.38408555907686,1.13512943553855,0.15686633191975,0.0244818747110098,0.0228991486883805,1.06911724292321,0.744406142690494,1.46104283105481,6.00611816727455,0.85726760866367,0.719902450666878,0.116529250041562,0.364614177911686,0.131806777289711,0.0365573468774659,0.422246073253145,0.277474792350539,NA,0.196885963317773,NA,NA,NA,NA,NA,NA,NA,NA,NA,NA,NA,NA,NA,NA,NA,NA,NA,NA,NA,NA,NA,NA,NA,NA,NA,NA,NA,NA,NA,NA,NA,NA,NA,NA,NA,NA,NA,NA,NA,NA
"462","Clay_DOC_BuffaloPound_2019_USaskatchewan_BaulchLabandWSA.xlsx","DOC_BuffaloPound_2019_USaskatch","1.5 km below Qu'Appelle R. Inflow Centre","BPL below Qu'Appelle Centre",2019-06-24,NA,NA,NA,NA,NA,NA,NA,NA,NA,NA,NA,NA,NA,NA,NA,NA,NA,NA,NA,NA,10.5559152753938,NA,7.29087877759431,1.7993459483872,0.364966545136639,0.0218907076843984,0.0196321240640824,1.11504530090293,0.726371005633308,1.52148611747225,8.07797963995316,0.889843330822324,1.01709711875626,0.113444588158709,0.537198587797001,0.210953237010408,0.0610465509597121,0.589852372975779,0.348774491523738,NA,0.211914949864755,NA,NA,NA,NA,NA,NA,NA,NA,NA,NA,NA,NA,NA,NA,NA,NA,NA,NA,NA,NA,NA,NA,NA,NA,NA,NA,NA,NA,NA,NA,NA,NA,NA,NA,NA,NA,NA,NA,NA,NA
"463","JM-WSA_BP-data-2019.xlsx","Sheet1","Opposite Parkview","Buffalo Pound Lake Opp Parkview",2019-06-27,NA,NA,NA,NA,NA,NA,NA,NA,NA,NA,NA,NA,NA,NA,NA,NA,NA,NA,6.3,NA,0.113,NA,NA,NA,NA,NA,NA,NA,NA,NA,NA,NA,NA,NA,NA,NA,NA,NA,NA,NA,NA,NA,NA,NA,NA,NA,NA,NA,NA,NA,NA,NA,NA,NA,NA,NA,NA,NA,NA,NA,NA,NA,NA,NA,NA,NA,NA,NA,NA,NA,NA,NA,NA,NA,NA,NA,17,6,51.05,1.36,0.738
"464","JM-WSA_BP-data-2019.xlsx","Sheet1","Opposite Sun Valley","Buffalo Pound Lake Opp Sun Valley",2019-06-27,NA,NA,NA,NA,NA,NA,NA,NA,NA,NA,NA,NA,NA,NA,NA,NA,NA,NA,5.7,NA,0.099,NA,NA,NA,NA,NA,NA,NA,NA,NA,NA,NA,NA,NA,NA,NA,NA,NA,NA,NA,NA,NA,NA,NA,NA,NA,NA,NA,NA,NA,NA,NA,NA,NA,NA,NA,NA,NA,NA,NA,NA,NA,NA,NA,NA,NA,NA,NA,NA,NA,NA,NA,NA,NA,NA,NA,2.4,1.45,20.5,2.42,0.719
"465","JM-WSA_BP-data-2019.xlsx","Sheet1","Opposite South Lake","Buffalo Pound Lake Opp South Lake",2019-06-27,NA,NA,NA,NA,NA,NA,NA,NA,NA,NA,NA,NA,NA,NA,NA,NA,NA,NA,5.2,NA,0.088,NA,NA,NA,NA,NA,NA,NA,NA,NA,NA,NA,NA,NA,NA,NA,NA,NA,NA,NA,NA,NA,NA,NA,NA,NA,NA,NA,NA,NA,NA,NA,NA,NA,NA,NA,NA,NA,NA,NA,NA,NA,NA,NA,NA,NA,NA,NA,NA,NA,NA,NA,NA,NA,NA,NA,1.4,-0.07,7.74,3.33,0.602
"466","JM-WSA_BP-data-2019.xlsx","Sheet1","0.5 mi Below Causeway","Buffalo Pound Lake 0.5mi Below Causeway",2019-06-27,NA,NA,NA,NA,NA,NA,NA,NA,NA,NA,NA,NA,NA,NA,NA,NA,NA,NA,5,NA,0.135,NA,NA,NA,NA,NA,NA,NA,NA,NA,NA,NA,NA,NA,NA,NA,NA,NA,NA,NA,NA,NA,NA,NA,NA,NA,NA,NA,NA,NA,NA,NA,NA,NA,NA,NA,NA,NA,NA,NA,NA,NA,NA,NA,NA,NA,NA,NA,NA,NA,NA,NA,NA,NA,NA,NA,1.5,0.51,5.84,2.39,0.761
"467","JM-WSA_BP-data-2019.xlsx","Sheet1","Upstream of Causeway West","Buffalo Pound Lake Upstream of Causeway- WEST",2019-06-27,NA,NA,NA,NA,NA,NA,NA,NA,NA,NA,NA,NA,NA,NA,NA,NA,NA,NA,4.8,NA,0.127,NA,NA,NA,NA,NA,NA,NA,NA,NA,NA,NA,NA,NA,NA,NA,NA,NA,NA,NA,NA,NA,NA,NA,NA,NA,NA,NA,NA,NA,NA,NA,NA,NA,NA,NA,NA,NA,NA,NA,NA,NA,NA,NA,NA,NA,NA,NA,NA,NA,NA,NA,NA,NA,NA,NA,2,1.21,2.3,1.2,NA
"468","JM-WSA_BP-data-2019.xlsx","Sheet1","Upstream of Causeway Centre","Buffalo Pound Lake Upstream of Causeway",2019-06-27,NA,NA,NA,NA,NA,NA,NA,NA,NA,NA,NA,NA,NA,NA,NA,NA,NA,NA,4.9,NA,0.138,NA,NA,NA,NA,NA,NA,NA,NA,NA,NA,NA,NA,NA,NA,NA,NA,NA,NA,NA,NA,NA,NA,NA,NA,NA,NA,NA,NA,NA,NA,NA,NA,NA,NA,NA,NA,NA,NA,NA,NA,NA,NA,NA,NA,NA,NA,NA,NA,NA,NA,NA,NA,NA,NA,NA,1.8,0.99,3.66,1.45,NA
"469","JM-WSA_BP-data-2019.xlsx","Sheet1","Upstream of Causeway East","Buffalo Pound Lake Upstream of Causeway- EAST",2019-06-27,NA,NA,NA,NA,NA,NA,NA,NA,NA,NA,NA,NA,NA,NA,NA,NA,NA,NA,5,NA,0.094,NA,NA,NA,NA,NA,NA,NA,NA,NA,NA,NA,NA,NA,NA,NA,NA,NA,NA,NA,NA,NA,NA,NA,NA,NA,NA,NA,NA,NA,NA,NA,NA,NA,NA,NA,NA,NA,NA,NA,NA,NA,NA,NA,NA,NA,NA,NA,NA,NA,NA,NA,NA,NA,NA,NA,1.5,0.34,1.83,1.8,NA
"470","JM-WSA_BP-data-2019.xlsx","Sheet1","1.5 km below Qu'Appelle R. Inflow West","Buffalo Pound Lake 1.5 km below Qu'Appelle R. Inflow - WEST",2019-06-27,NA,NA,NA,NA,NA,NA,NA,NA,NA,NA,NA,NA,NA,NA,NA,NA,NA,NA,5.7,NA,0.133,NA,NA,NA,NA,NA,NA,NA,NA,NA,NA,NA,NA,NA,NA,NA,NA,NA,NA,NA,NA,NA,NA,NA,NA,NA,NA,NA,NA,NA,NA,NA,NA,NA,NA,NA,NA,NA,NA,NA,NA,NA,NA,NA,NA,NA,NA,NA,NA,NA,NA,NA,NA,NA,NA,NA,5,4.05,8.14,0.82,NA
"471","JM-WSA_BP-data-2019.xlsx","Sheet1","1.5 km below Qu'Appelle R. Inflow Centre","Buffalo Pound Lake 1.5 km below Qu'Appelle R. Inflow",2019-06-27,NA,NA,NA,NA,NA,NA,NA,NA,NA,NA,NA,NA,NA,NA,NA,NA,NA,NA,5.6,NA,0.129,NA,NA,NA,NA,NA,NA,NA,NA,NA,NA,NA,NA,NA,NA,NA,NA,NA,NA,NA,NA,NA,NA,NA,NA,NA,NA,NA,NA,NA,NA,NA,NA,NA,NA,NA,NA,NA,NA,NA,NA,NA,NA,NA,NA,NA,NA,NA,NA,NA,NA,NA,NA,NA,NA,NA,4.8,4.64,8.14,0.7,1.656
"472","JM-WSA_BP-data-2019.xlsx","Sheet1","1.5 km below Qu'Appelle R. Inflow East","Buffalo Pound Lake 1.5 km below Qu'Appelle R. Inflow - EAST",2019-06-27,NA,NA,NA,NA,NA,NA,NA,NA,NA,NA,NA,NA,NA,NA,NA,NA,NA,NA,5.7,NA,0.144,NA,NA,NA,NA,NA,NA,NA,NA,NA,NA,NA,NA,NA,NA,NA,NA,NA,NA,NA,NA,NA,NA,NA,NA,NA,NA,NA,NA,NA,NA,NA,NA,NA,NA,NA,NA,NA,NA,NA,NA,NA,NA,NA,NA,NA,NA,NA,NA,NA,NA,NA,NA,NA,NA,NA,5.4,6.81,9.03,0.44,1.833
"473","JM-WSA_BP-data-2019.xlsx","Sheet1","0.5 mi Above Outlet","Buffalo Pound Lake 0.5mi above Outlet",2019-06-27,NA,NA,NA,NA,NA,NA,NA,NA,NA,NA,NA,NA,NA,NA,NA,NA,NA,NA,5.5,NA,0.088,NA,NA,NA,NA,NA,NA,NA,NA,NA,NA,NA,NA,NA,NA,NA,NA,NA,NA,NA,NA,NA,NA,NA,NA,NA,NA,NA,NA,NA,NA,NA,NA,NA,NA,NA,NA,NA,NA,NA,NA,NA,NA,NA,NA,NA,NA,NA,NA,NA,NA,NA,NA,NA,NA,NA,5.9,2.08,17.31,2.15,0.759
"474","JM-WSA_BP-data-2019.xlsx","Sheet1","Opposite WTP Intake","Buffalo Pound Lake Opp Treatment Plant Intake",2019-06-27,NA,NA,NA,NA,NA,NA,NA,NA,NA,NA,NA,NA,NA,NA,NA,NA,NA,NA,5.4,NA,0.091,NA,NA,NA,NA,NA,NA,NA,NA,NA,NA,NA,NA,NA,NA,NA,NA,NA,NA,NA,NA,NA,NA,NA,NA,NA,NA,NA,NA,NA,NA,NA,NA,NA,NA,NA,NA,NA,NA,NA,NA,NA,NA,NA,NA,NA,NA,NA,NA,NA,NA,NA,NA,NA,NA,NA,4.4,0.98,14.59,2.78,0.766
"475","Clay_DOC_BuffaloPound_2019_USaskatchewan_BaulchLabandWSA.xlsx","DOC_BuffaloPound_2019_USaskatch","1.5 km below Qu'Appelle R. Inflow West","BPL below Qu'Appelle West",2019-06-27,NA,NA,NA,NA,NA,NA,NA,NA,NA,NA,NA,NA,NA,NA,NA,NA,NA,NA,NA,NA,10.6631686676631,NA,7.33392284380936,1.71225840610923,0.292559558810894,0.0227537050776952,0.0208675422963141,1.09038739467246,0.728899130289983,1.50161342420887,6.7178508346511,0.870430250412425,0.974704412113061,0.159249792662207,0.511747897752733,0.20329980139985,0.0581679335823018,0.569212127071617,0.356024834178135,NA,0.251698403623119,NA,NA,NA,NA,NA,NA,NA,NA,NA,NA,NA,NA,NA,NA,NA,NA,NA,NA,NA,NA,NA,NA,NA,NA,NA,NA,NA,NA,NA,NA,NA,NA,NA,NA,NA,NA,NA,NA,NA,NA
"476","Clay_DOC_BuffaloPound_2019_USaskatchewan_BaulchLabandWSA.xlsx","DOC_BuffaloPound_2019_USaskatch","Upstream of Causeway East","BPL u/s causeway East",2019-06-27,NA,NA,NA,NA,NA,NA,NA,NA,NA,NA,NA,NA,NA,NA,NA,NA,NA,NA,NA,NA,10.538609929413,NA,7.2444651075364,1.71378874187315,0.294585116137143,0.0226501757065762,0.0205879839467798,1.10016482260367,0.736400656407067,1.50239205359932,7.28540591347999,0.879305852912644,0.967692474093974,0.111655119834402,0.494069935400243,0.189439657276691,0.0556531511857039,0.552044675719128,0.341733221425671,NA,0.222067183050848,NA,NA,NA,NA,NA,NA,NA,NA,NA,NA,NA,NA,NA,NA,NA,NA,NA,NA,NA,NA,NA,NA,NA,NA,NA,NA,NA,NA,NA,NA,NA,NA,NA,NA,NA,NA,NA,NA,NA,NA
"477","Clay_DOC_BuffaloPound_2019_USaskatchewan_BaulchLabandWSA.xlsx","DOC_BuffaloPound_2019_USaskatch","Upstream of Causeway Centre","BPL u/s causeway Centre",2019-06-27,NA,NA,NA,NA,NA,NA,NA,NA,NA,NA,NA,NA,NA,NA,NA,NA,NA,NA,NA,NA,10.3709765025376,NA,7.13507083290288,1.64704863225046,0.263617766879803,0.0229325287289732,0.0212390319954873,1.07973511852356,0.729968467552596,1.4792624359471,6.66923703506352,0.869608933010151,0.96574426465173,0.138369010592689,0.511148223838377,0.194264663007229,0.0573874789909516,0.557778008829736,0.351716644902699,NA,0.24244997203728,NA,NA,NA,NA,NA,NA,NA,NA,NA,NA,NA,NA,NA,NA,NA,NA,NA,NA,NA,NA,NA,NA,NA,NA,NA,NA,NA,NA,NA,NA,NA,NA,NA,NA,NA,NA,NA,NA,NA,NA
"478","Clay_DOC_BuffaloPound_2019_USaskatchewan_BaulchLabandWSA.xlsx","DOC_BuffaloPound_2019_USaskatch","Upstream of Causeway West","BPL u/s causeway West",2019-06-27,NA,NA,NA,NA,NA,NA,NA,NA,NA,NA,NA,NA,NA,NA,NA,NA,NA,NA,NA,NA,8.76382709910151,NA,6.01179768321263,1.35482832112761,0.248405441578163,0.0237902005497711,0.0211440836003722,1.12514692050084,0.744034015956376,1.50902639198118,5.78137329615662,0.852537243368278,0.770163590557592,0.144671999102001,0.401728219101184,0.151171955216114,0.0441330954799247,0.457189019752406,0.298983290546727,NA,0.226265796092839,NA,NA,NA,NA,NA,NA,NA,NA,NA,NA,NA,NA,NA,NA,NA,NA,NA,NA,NA,NA,NA,NA,NA,NA,NA,NA,NA,NA,NA,NA,NA,NA,NA,NA,NA,NA,NA,NA,NA,NA
"479","Clay_DOC_BuffaloPound_2019_USaskatchewan_BaulchLabandWSA.xlsx","DOC_BuffaloPound_2019_USaskatch","0.5 mi Below Causeway","BPL below causeway",2019-06-27,NA,NA,NA,NA,NA,NA,NA,NA,NA,NA,NA,NA,NA,NA,NA,NA,NA,NA,NA,NA,8.9994565286485,NA,6.18352883879211,1.35264683162537,0.230649429284348,0.0240804947137,0.0213368918178141,1.12858493726791,0.765861987826862,1.50474088791185,5.51020826788266,0.846395083098435,0.767059015484446,0.16237557671712,0.393802324301202,0.150268261323411,0.0441169639970773,0.446057434684971,0.318006874940009,NA,0.25676744089802,NA,NA,NA,NA,NA,NA,NA,NA,NA,NA,NA,NA,NA,NA,NA,NA,NA,NA,NA,NA,NA,NA,NA,NA,NA,NA,NA,NA,NA,NA,NA,NA,NA,NA,NA,NA,NA,NA,NA,NA
"480","Clay_DOC_BuffaloPound_2019_USaskatchewan_BaulchLabandWSA.xlsx","DOC_BuffaloPound_2019_USaskatch","Opposite Sun Valley","BPL Sun Valley",2019-06-27,NA,NA,NA,NA,NA,NA,NA,NA,NA,NA,NA,NA,NA,NA,NA,NA,NA,NA,NA,NA,8.60528077243785,NA,5.90449115272543,1.30420166536192,0.20556137976718,0.0242527657595291,0.0211773449476566,1.14522220889701,0.817190370589736,1.50685166006734,4.77907449188117,0.82696191208387,0.694861881961024,0.129156942251363,0.364995497828979,0.143421532211584,0.0411119789985248,0.416908236816899,0.303221907854878,NA,0.231325072665541,NA,NA,NA,NA,NA,NA,NA,NA,NA,NA,NA,NA,NA,NA,NA,NA,NA,NA,NA,NA,NA,NA,NA,NA,NA,NA,NA,NA,NA,NA,NA,NA,NA,NA,NA,NA,NA,NA,NA,NA
"481","Clay_DOC_BuffaloPound_2019_USaskatchewan_BaulchLabandWSA.xlsx","DOC_BuffaloPound_2019_USaskatch","Opposite South Lake","BPL South Lake",2019-06-27,NA,NA,NA,NA,NA,NA,NA,NA,NA,NA,NA,NA,NA,NA,NA,NA,NA,NA,NA,NA,8.72157982133137,NA,5.94709587056356,1.32637911795038,0.238853212082077,0.0241885157539469,0.0207079312718611,1.16807977756887,0.767257587126421,1.52135314409213,5.72679226170992,0.851340734023827,0.772080433942746,0.141389652427352,0.397900507985335,0.152335100934745,0.0462552966831035,0.44937923648899,0.313569418891024,NA,0.253130778840245,NA,NA,NA,NA,NA,NA,NA,NA,NA,NA,NA,NA,NA,NA,NA,NA,NA,NA,NA,NA,NA,NA,NA,NA,NA,NA,NA,NA,NA,NA,NA,NA,NA,NA,NA,NA,NA,NA,NA,NA
"482","Clay_DOC_BuffaloPound_2019_USaskatchewan_BaulchLabandWSA.xlsx","DOC_BuffaloPound_2019_USaskatch","Opposite Parkview","BPL Parkview",2019-06-27,NA,NA,NA,NA,NA,NA,NA,NA,NA,NA,NA,NA,NA,NA,NA,NA,NA,NA,NA,NA,9.04436153770505,NA,6.18385457030788,1.49347863095593,0.367064437478201,0.023804754508612,0.0176661835464917,1.34747578309518,0.795232239295557,1.55244486710188,4.87280841310436,0.829723714846778,0.754083017589969,0.18501925276272,0.403799348748552,0.151570067383847,0.0449655432096013,0.451240101039394,0.327146316211949,NA,0.28730711384621,NA,NA,NA,NA,NA,NA,NA,NA,NA,NA,NA,NA,NA,NA,NA,NA,NA,NA,NA,NA,NA,NA,NA,NA,NA,NA,NA,NA,NA,NA,NA,NA,NA,NA,NA,NA,NA,NA,NA,NA
"483","Clay_DOC_BuffaloPound_2019_USaskatchewan_BaulchLabandWSA.xlsx","DOC_BuffaloPound_2019_USaskatch","Opposite WTP Intake","BPL WTP",2019-06-27,NA,NA,NA,NA,NA,NA,NA,NA,NA,NA,NA,NA,NA,NA,NA,NA,NA,NA,NA,NA,8.51636484982302,NA,5.71920876127768,1.21174594727217,0.186575009535165,0.0249720829994165,0.0221825190731625,1.12575505590927,0.804450513039805,1.5226745627746,5.35174528542623,0.84256295631148,0.747916030605709,0.14021906799004,0.399739740455489,0.150755195198792,0.0577649511289108,0.452879962984814,0.310003061842743,NA,0.231347427236773,NA,NA,NA,NA,NA,NA,NA,NA,NA,NA,NA,NA,NA,NA,NA,NA,NA,NA,NA,NA,NA,NA,NA,NA,NA,NA,NA,NA,NA,NA,NA,NA,NA,NA,NA,NA,NA,NA,NA,NA
"484","Clay_DOC_BuffaloPound_2019_USaskatchewan_BaulchLabandWSA.xlsx","DOC_BuffaloPound_2019_USaskatch","0.5 mi Above Outlet","BPL above Outlet",2019-06-27,NA,NA,NA,NA,NA,NA,NA,NA,NA,NA,NA,NA,NA,NA,NA,NA,NA,NA,NA,NA,8.75681818566922,NA,5.93976607134038,1.31810990249624,0.234041344240292,0.0245329809029744,0.0206987460638256,1.18523995740253,0.784944481789134,1.53132707388125,5.74020433120265,0.851636545294233,0.768476774030723,0.140343526435492,0.399415017561273,0.150906492643345,0.0446866850460217,0.453253150072874,0.304211562834309,NA,0.239822682187236,NA,NA,NA,NA,NA,NA,NA,NA,NA,NA,NA,NA,NA,NA,NA,NA,NA,NA,NA,NA,NA,NA,NA,NA,NA,NA,NA,NA,NA,NA,NA,NA,NA,NA,NA,NA,NA,NA,NA,NA
"485","Clay_DOC_BuffaloPound_2019_USaskatchewan_BaulchLabandWSA.xlsx","DOC_BuffaloPound_2019_USaskatch","Qu'Appelle River at Marquis","Qu'Appelle @ Marquis",2019-06-27,NA,NA,NA,NA,NA,NA,NA,NA,NA,NA,NA,NA,NA,NA,NA,NA,NA,NA,NA,NA,8.04154582451863,NA,5.38491880355166,1.14392627717486,0.236733913480961,0.0256750250019313,0.0204184613370659,1.25744171306988,0.790008680409425,1.56524513053355,5.31129762830327,0.841553978453582,0.672319135158678,0.143285819189941,0.359372817721973,0.136517281967162,0.0420555622979466,0.405285510696706,0.285895946377132,NA,0.238600504773157,NA,NA,NA,NA,NA,NA,NA,NA,NA,NA,NA,NA,NA,NA,NA,NA,NA,NA,NA,NA,NA,NA,NA,NA,NA,NA,NA,NA,NA,NA,NA,NA,NA,NA,NA,NA,NA,NA,NA,NA
"486","Clay_DOC_BuffaloPound_2019_USaskatchewan_BaulchLabandWSA.xlsx","DOC_BuffaloPound_2019_USaskatch","Qu'Appelle River at Hwy 19","Qu'Appelle @ HWY19",2019-06-27,NA,NA,NA,NA,NA,NA,NA,NA,NA,NA,NA,NA,NA,NA,NA,NA,NA,NA,NA,NA,8.02858221658188,NA,5.34650451719169,1.08337989434464,0.175475595533856,0.026388496305119,0.0215179028858915,1.22635074826093,0.797729705180877,1.54945180419788,4.76813987590099,0.826633885184034,0.632779619004538,0.157309531827796,0.335105343793741,0.125544405378857,0.0365641513841282,0.378840259271154,0.277375917242298,NA,0.252962621241856,NA,NA,NA,NA,NA,NA,NA,NA,NA,NA,NA,NA,NA,NA,NA,NA,NA,NA,NA,NA,NA,NA,NA,NA,NA,NA,NA,NA,NA,NA,NA,NA,NA,NA,NA,NA,NA,NA,NA,NA
"487","Clay_DOC_BuffaloPound_2019_USaskatchewan_BaulchLabandWSA.xlsx","DOC_BuffaloPound_2019_USaskatch","Buoy 0.8 m","Buoy 0.8 m",2019-07-05,NA,NA,NA,NA,NA,NA,NA,NA,NA,NA,NA,NA,NA,NA,NA,NA,NA,NA,3.894,NA,8.05469983847853,NA,5.40487322562192,1.21693347545233,0.241154464580664,0.0239696598316751,0.018841749541609,1.27215680150837,0.819625147700763,1.56191834307315,5.00048744987152,0.833346872507597,0.697803901563662,0.156633207690823,0.382683038372583,0.144894528043997,0.0426109187867786,0.426859266059991,0.293028193877886,NA,0.225642436811326,NA,NA,NA,NA,NA,NA,NA,NA,NA,NA,NA,NA,NA,NA,NA,NA,NA,NA,NA,NA,NA,NA,0.3375,NA,NA,NA,NA,NA,NA,NA,NA,NA,NA,NA,NA,NA,NA,NA,NA,NA
"488","Clay_DOC_BuffaloPound_2019_USaskatchewan_BaulchLabandWSA.xlsx","DOC_BuffaloPound_2019_USaskatch","Buoy 2.8 m","Buoy 2.8 m",2019-07-05,NA,NA,NA,NA,NA,NA,NA,NA,NA,NA,NA,NA,NA,NA,NA,NA,NA,NA,4.441,NA,8.68359283228964,NA,5.84640344874137,1.35946486499153,0.33275540906492,0.0241286840368552,0.0184765785145801,1.30590650307983,0.80347737922503,1.5761495846183,4.45454416823283,0.81666662343226,0.701471026324106,0.193035364997839,0.378453081178039,0.143015753541916,0.0424798638202276,0.414747173097154,0.302913219377596,NA,0.286933146023256,NA,NA,NA,NA,NA,NA,NA,NA,NA,NA,NA,NA,NA,NA,NA,NA,NA,NA,NA,NA,NA,NA,0.3251,NA,NA,NA,NA,NA,NA,NA,NA,NA,NA,NA,NA,NA,NA,NA,NA,NA
"489","Clay_DOC_BuffaloPound_2019_USaskatchewan_BaulchLabandWSA.xlsx","DOC_BuffaloPound_2019_USaskatch","0.5 mi Below Outlet","BP Outlet",2019-07-08,NA,NA,NA,NA,NA,NA,NA,NA,NA,NA,NA,NA,NA,NA,NA,NA,NA,NA,NA,NA,8.88004019723188,NA,6.12534042347855,1.54025363039714,0.403577169682903,0.0226472216160289,0.0174347083133674,1.29897335871487,0.725251176843356,1.5379727662617,7.09743130476786,0.876504046485558,0.871651717835444,0.105138209663858,0.453005835301953,0.178252835130336,0.0552941647620992,0.498139882696356,0.309110850917843,NA,0.197978844141442,NA,NA,NA,NA,NA,NA,NA,NA,NA,NA,NA,NA,NA,NA,NA,NA,NA,NA,NA,NA,NA,NA,NA,NA,NA,NA,NA,NA,NA,NA,NA,NA,NA,NA,NA,NA,NA,NA,NA,NA
"490","Clay_DOC_BuffaloPound_2019_USaskatchewan_BaulchLabandWSA.xlsx","DOC_BuffaloPound_2019_USaskatch","Opposite Parkview","BPL Parkview",2019-07-08,NA,NA,NA,NA,NA,NA,NA,NA,NA,NA,NA,NA,NA,NA,NA,NA,NA,NA,NA,NA,8.32062232278421,NA,5.72847738924597,1.40326243630951,0.355979711914877,0.0233127651574827,0.0173638971690508,1.34259981676435,0.783759596182577,1.5283619209383,5.53633130065432,0.847008978890055,0.711526484588281,0.122738396050392,0.354627176617095,0.128903268182199,0.036416108314482,0.415355870499578,0.273861841602179,NA,0.215789241312429,NA,NA,NA,NA,NA,NA,NA,NA,NA,NA,NA,NA,NA,NA,NA,NA,NA,NA,NA,NA,NA,NA,NA,NA,NA,NA,NA,NA,NA,NA,NA,NA,NA,NA,NA,NA,NA,NA,NA,NA
"491","Clay_DOC_BuffaloPound_2019_USaskatchewan_BaulchLabandWSA.xlsx","DOC_BuffaloPound_2019_USaskatch","Opposite South Lake","BPL South Lake",2019-07-08,NA,NA,NA,NA,NA,NA,NA,NA,NA,NA,NA,NA,NA,NA,NA,NA,NA,NA,NA,NA,8.48981204906611,NA,5.77732290897489,1.2811675865316,0.262341057397365,0.0253604634194755,0.0188993159645806,1.34187202685027,0.790172319322216,1.56623062914755,4.75208663033316,0.826150045319801,0.647469599092637,0.129576938006736,0.34339230288213,0.135412372145858,0.0390799037506243,0.38338789071056,0.269554016073716,NA,0.217106593320021,NA,NA,NA,NA,NA,NA,NA,NA,NA,NA,NA,NA,NA,NA,NA,NA,NA,NA,NA,NA,NA,NA,NA,NA,NA,NA,NA,NA,NA,NA,NA,NA,NA,NA,NA,NA,NA,NA,NA,NA
"492","Clay_DOC_BuffaloPound_2019_USaskatchewan_BaulchLabandWSA.xlsx","DOC_BuffaloPound_2019_USaskatch","Buoy 0.8 m","Buoy 0.8 m",2019-07-10,NA,NA,NA,NA,NA,NA,NA,NA,NA,NA,NA,NA,NA,NA,NA,NA,NA,NA,5.531,NA,8.81675104765736,NA,5.98958656926452,1.41912653776878,0.323162451705909,0.0232189668860756,0.0175645082357593,1.32192524689103,0.804484352228379,1.67366065726725,5.37677186523197,0.843180841163176,0.843610745933373,0.193515543530772,0.424854393349879,0.184142884896359,0.0454498688674898,0.465699957223433,0.322974420120661,NA,0.264979548630992,NA,NA,NA,NA,NA,NA,NA,NA,NA,NA,NA,NA,NA,NA,NA,NA,NA,NA,NA,NA,NA,NA,0.4344,NA,NA,NA,NA,NA,NA,NA,NA,NA,NA,NA,NA,NA,NA,NA,NA,NA
"493","Clay_DOC_BuffaloPound_2019_USaskatchewan_BaulchLabandWSA.xlsx","DOC_BuffaloPound_2019_USaskatch","Buoy 2.8 m","Buoy 2.8 m",2019-07-10,NA,NA,NA,NA,NA,NA,NA,NA,NA,NA,NA,NA,NA,NA,NA,NA,NA,NA,4.218,NA,8.54248562000485,NA,5.76723634449307,1.34512580327256,0.307465916793971,0.0245037694599952,0.0167720651930786,1.46098701489113,0.826974274856214,1.58364265473828,4.37346759384232,0.813900431604735,0.703488004736839,0.182221563135238,0.392666206473654,0.151994267212274,0.0463772691198391,0.429173895084325,0.306660357737416,NA,0.279284991378542,NA,NA,NA,NA,NA,NA,NA,NA,NA,NA,NA,NA,NA,NA,NA,NA,NA,NA,NA,NA,NA,NA,0.3553,NA,NA,NA,NA,NA,NA,NA,NA,NA,NA,NA,NA,NA,NA,NA,NA,NA
"494","Clay_DOC_BuffaloPound_2019_USaskatchewan_BaulchLabandWSA.xlsx","DOC_BuffaloPound_2019_USaskatch","Buoy 0.8 m","Buoy 0.8 m",2019-07-17,NA,NA,NA,NA,NA,NA,NA,NA,NA,NA,NA,NA,NA,NA,NA,NA,NA,NA,4.713,NA,9.20022757738729,NA,6.28409741844719,1.5193462904961,0.353377068714261,0.0232477394095113,0.0178863413704483,1.29974816694045,0.828085384627259,1.56313074486362,4.31479151954613,0.811845865200485,0.724488032721065,0.238965277092002,0.403305890088933,0.152338419094604,0.0471316193695702,0.440347453960849,0.345695800657103,NA,0.351516485860901,NA,NA,NA,NA,NA,NA,NA,NA,NA,NA,NA,NA,NA,NA,NA,NA,NA,NA,NA,NA,NA,NA,0.6415,NA,NA,NA,NA,NA,NA,NA,NA,NA,NA,NA,NA,NA,NA,NA,NA,NA
"495","Clay_DOC_BuffaloPound_2019_USaskatchewan_BaulchLabandWSA.xlsx","DOC_BuffaloPound_2019_USaskatch","Buoy 2.8 m","Buoy 2.8 m",2019-07-17,NA,NA,NA,NA,NA,NA,NA,NA,NA,NA,NA,NA,NA,NA,NA,NA,NA,NA,4.476,NA,8.95542622448684,NA,6.06051842871778,1.42976027573045,0.264936315617456,0.024352532706565,0.019776975026879,1.23135781247978,0.807260459056626,1.58107192481195,4.89321971886304,0.830313470784197,0.755553278328921,0.183562852323643,0.419483053909113,0.16296145506648,0.048386222242232,0.457941594619308,0.325240486773696,NA,0.276046033511346,NA,NA,NA,NA,NA,NA,NA,NA,NA,NA,NA,NA,NA,NA,NA,NA,NA,NA,NA,NA,NA,NA,0.6545,NA,NA,NA,NA,NA,NA,NA,NA,NA,NA,NA,NA,NA,NA,NA,NA,NA
"496","JM-WSA_BP-data-2019.xlsx","Sheet1","Opposite WTP Intake","Buffalo Pound Lake Opp Treatment Plant Intake",2019-07-22,NA,NA,NA,NA,NA,NA,NA,NA,NA,NA,NA,NA,NA,NA,NA,NA,NA,NA,5.7,NA,0.142,NA,NA,NA,NA,NA,NA,NA,NA,NA,NA,NA,NA,NA,NA,NA,NA,NA,NA,NA,NA,NA,NA,NA,NA,NA,NA,NA,NA,NA,NA,NA,NA,NA,NA,NA,NA,NA,NA,NA,NA,NA,NA,NA,NA,NA,NA,NA,NA,NA,NA,NA,NA,NA,NA,NA,20,18.51,81.73,0.65,1.454
"497","JM-WSA_BP-data-2019.xlsx","Sheet1","0.5 mi Above Outlet","Buffalo Pound Lake 0.5mi above Outlet",2019-07-22,NA,NA,NA,NA,NA,NA,NA,NA,NA,NA,NA,NA,NA,NA,NA,NA,NA,NA,5.5,NA,0.102,NA,NA,NA,NA,NA,NA,NA,NA,NA,NA,NA,NA,NA,NA,NA,NA,NA,NA,NA,NA,NA,NA,NA,NA,NA,NA,NA,NA,NA,NA,NA,NA,NA,NA,NA,NA,NA,NA,NA,NA,NA,NA,NA,NA,NA,NA,NA,NA,NA,NA,NA,NA,NA,NA,NA,1.2,1.01,2.24,2.51,0.938
"498","JM-WSA_BP-data-2019.xlsx","Sheet1","Opposite Parkview","Buffalo Pound Lake Opp Parkview",2019-07-22,NA,NA,NA,NA,NA,NA,NA,NA,NA,NA,NA,NA,NA,NA,NA,NA,NA,NA,5.8,NA,0.143,NA,NA,NA,NA,NA,NA,NA,NA,NA,NA,NA,NA,NA,NA,NA,NA,NA,NA,NA,NA,NA,NA,NA,NA,NA,NA,NA,NA,NA,NA,NA,NA,NA,NA,NA,NA,NA,NA,NA,NA,NA,NA,NA,NA,NA,NA,NA,NA,NA,NA,NA,NA,NA,NA,NA,24,19.7,79.41,0.65,1.884
"499","JM-WSA_BP-data-2019.xlsx","Sheet1","Opposite Sun Valley","Buffalo Pound Lake Opp Sun Valley",2019-07-22,NA,NA,NA,NA,NA,NA,NA,NA,NA,NA,NA,NA,NA,NA,NA,NA,NA,NA,4.9,NA,0.118,NA,NA,NA,NA,NA,NA,NA,NA,NA,NA,NA,NA,NA,NA,NA,NA,NA,NA,NA,NA,NA,NA,NA,NA,NA,NA,NA,NA,NA,NA,NA,NA,NA,NA,NA,NA,NA,NA,NA,NA,NA,NA,NA,NA,NA,NA,NA,NA,NA,NA,NA,NA,NA,NA,NA,9,6.44,51.46,1.22,1.22
"500","JM-WSA_BP-data-2019.xlsx","Sheet1","Opposite South Lake","Buffalo Pound Lake Opp South Lake",2019-07-22,NA,NA,NA,NA,NA,NA,NA,NA,NA,NA,NA,NA,NA,NA,NA,NA,NA,NA,4.8,NA,0.108,NA,NA,NA,NA,NA,NA,NA,NA,NA,NA,NA,NA,NA,NA,NA,NA,NA,NA,NA,NA,NA,NA,NA,NA,NA,NA,NA,NA,NA,NA,NA,NA,NA,NA,NA,NA,NA,NA,NA,NA,NA,NA,NA,NA,NA,NA,NA,NA,NA,NA,NA,NA,NA,NA,NA,6,4.11,22.74,1.55,0.855
"501","JM-WSA_BP-data-2019.xlsx","Sheet1","0.5 mi Below Causeway","Buffalo Pound Lake 0.5mi Below Causeway",2019-07-22,NA,NA,NA,NA,NA,NA,NA,NA,NA,NA,NA,NA,NA,NA,NA,NA,NA,NA,4.5,NA,0.105,NA,NA,NA,NA,NA,NA,NA,NA,NA,NA,NA,NA,NA,NA,NA,NA,NA,NA,NA,NA,NA,NA,NA,NA,NA,NA,NA,NA,NA,NA,NA,NA,NA,NA,NA,NA,NA,NA,NA,NA,NA,NA,NA,NA,NA,NA,NA,NA,NA,NA,NA,NA,NA,NA,NA,2.1,1.09,6.79,2.48,0.744
"502","JM-WSA_BP-data-2019.xlsx","Sheet1","Upstream of Causeway West","Buffalo Pound Lake Upstream of Causeway- WEST",2019-07-22,NA,NA,NA,NA,NA,NA,NA,NA,NA,NA,NA,NA,NA,NA,NA,NA,NA,NA,4.8,NA,0.124,NA,NA,NA,NA,NA,NA,NA,NA,NA,NA,NA,NA,NA,NA,NA,NA,NA,NA,NA,NA,NA,NA,NA,NA,NA,NA,NA,NA,NA,NA,NA,NA,NA,NA,NA,NA,NA,NA,NA,NA,NA,NA,NA,NA,NA,NA,NA,NA,NA,NA,NA,NA,NA,NA,NA,2.4,1.91,3.12,1.7,1.046
"503","JM-WSA_BP-data-2019.xlsx","Sheet1","Upstream of Causeway Centre","Buffalo Pound Lake Upstream of Causeway",2019-07-22,NA,NA,NA,NA,NA,NA,NA,NA,NA,NA,NA,NA,NA,NA,NA,NA,NA,NA,4.8,NA,0.122,NA,NA,NA,NA,NA,NA,NA,NA,NA,NA,NA,NA,NA,NA,NA,NA,NA,NA,NA,NA,NA,NA,NA,NA,NA,NA,NA,NA,NA,NA,NA,NA,NA,NA,NA,NA,NA,NA,NA,NA,NA,NA,NA,NA,NA,NA,NA,NA,NA,NA,NA,NA,NA,NA,NA,1.9,1.85,5.43,1.71,0.949
"504","JM-WSA_BP-data-2019.xlsx","Sheet1","Upstream of Causeway East","Buffalo Pound Lake Upstream of Causeway- EAST",2019-07-22,NA,NA,NA,NA,NA,NA,NA,NA,NA,NA,NA,NA,NA,NA,NA,NA,NA,NA,4.7,NA,0.124,NA,NA,NA,NA,NA,NA,NA,NA,NA,NA,NA,NA,NA,NA,NA,NA,NA,NA,NA,NA,NA,NA,NA,NA,NA,NA,NA,NA,NA,NA,NA,NA,NA,NA,NA,NA,NA,NA,NA,NA,NA,NA,NA,NA,NA,NA,NA,NA,NA,NA,NA,NA,NA,NA,NA,2.4,1.86,5.9,1.84,0.72
"505","JM-WSA_BP-data-2019.xlsx","Sheet1","1.5 km below Qu'Appelle R. Inflow West","Buffalo Pound Lake 1.5 km below Qu'Appelle R. Inflow - WEST",2019-07-22,NA,NA,NA,NA,NA,NA,NA,NA,NA,NA,NA,NA,NA,NA,NA,NA,NA,NA,5.8,NA,0.155,NA,NA,NA,NA,NA,NA,NA,NA,NA,NA,NA,NA,NA,NA,NA,NA,NA,NA,NA,NA,NA,NA,NA,NA,NA,NA,NA,NA,NA,NA,NA,NA,NA,NA,NA,NA,NA,NA,NA,NA,NA,NA,NA,NA,NA,NA,NA,NA,NA,NA,NA,NA,NA,NA,NA,3.9,5.94,6.38,1.32,1.528
"506","JM-WSA_BP-data-2019.xlsx","Sheet1","1.5 km below Qu'Appelle R. Inflow Centre","Buffalo Pound Lake 1.5 km below Qu'Appelle R. Inflow",2019-07-22,NA,NA,NA,NA,NA,NA,NA,NA,NA,NA,NA,NA,NA,NA,NA,NA,NA,NA,5.6,NA,0.151,NA,NA,NA,NA,NA,NA,NA,NA,NA,NA,NA,NA,NA,NA,NA,NA,NA,NA,NA,NA,NA,NA,NA,NA,NA,NA,NA,NA,NA,NA,NA,NA,NA,NA,NA,NA,NA,NA,NA,NA,NA,NA,NA,NA,NA,NA,NA,NA,NA,NA,NA,NA,NA,NA,NA,3.3,2.77,5.9,1.3,NA
"507","JM-WSA_BP-data-2019.xlsx","Sheet1","1.5 km below Qu'Appelle R. Inflow East","Buffalo Pound Lake 1.5 km below Qu'Appelle R. Inflow - EAST",2019-07-22,NA,NA,NA,NA,NA,NA,NA,NA,NA,NA,NA,NA,NA,NA,NA,NA,NA,NA,5.9,NA,0.175,NA,NA,NA,NA,NA,NA,NA,NA,NA,NA,NA,NA,NA,NA,NA,NA,NA,NA,NA,NA,NA,NA,NA,NA,NA,NA,NA,NA,NA,NA,NA,NA,NA,NA,NA,NA,NA,NA,NA,NA,NA,NA,NA,NA,NA,NA,NA,NA,NA,NA,NA,NA,NA,NA,NA,7,5.99,7.32,0.9,1.398
"508","Clay_DOC_BuffaloPound_2019_USaskatchewan_BaulchLabandWSA.xlsx","DOC_BuffaloPound_2019_USaskatch","Opposite WTP Intake","BPL WTP",2019-07-22,NA,NA,NA,NA,NA,NA,NA,NA,NA,NA,NA,NA,NA,NA,NA,NA,NA,NA,NA,NA,13.2643905482207,NA,9.32018571423407,2.23239969080304,0.412225556803605,0.0218296259368972,0.020098918071668,1.08610950395728,0.741988653570553,1.52565191236807,6.6157230065544,0.868692703353397,1.18422249065858,0.153863048352376,0.63286818219233,0.237225245116722,0.066943621336773,0.697089127424889,0.429929896362981,NA,0.288144817410858,NA,NA,NA,NA,NA,NA,NA,NA,NA,NA,NA,NA,NA,NA,NA,NA,NA,NA,NA,NA,NA,NA,NA,NA,NA,NA,NA,NA,NA,NA,NA,NA,NA,NA,NA,NA,NA,NA,NA,NA
"509","Clay_DOC_BuffaloPound_2019_USaskatchewan_BaulchLabandWSA.xlsx","DOC_BuffaloPound_2019_USaskatch","0.5 mi Above Outlet","BPL above Outlet",2019-07-22,NA,NA,NA,NA,NA,NA,NA,NA,NA,NA,NA,NA,NA,NA,NA,NA,NA,NA,NA,NA,12.5867174170876,NA,8.75275292240937,2.16104961708268,0.405487119691554,0.0217258905569254,0.0197758394730208,1.09860775248327,0.734050669525108,1.51470822619985,6.70168212268507,0.870158235036145,1.11147202563488,0.172067197465621,0.588558282187758,0.223930560383782,0.0631839353852554,0.647952731419706,0.40867111929766,NA,0.283470931513131,NA,NA,NA,NA,NA,NA,NA,NA,NA,NA,NA,NA,NA,NA,NA,NA,NA,NA,NA,NA,NA,NA,NA,NA,NA,NA,NA,NA,NA,NA,NA,NA,NA,NA,NA,NA,NA,NA,NA,NA
"510","Clay_DOC_BuffaloPound_2019_USaskatchewan_BaulchLabandWSA.xlsx","DOC_BuffaloPound_2019_USaskatch","0.5 mi Below Causeway","BPL below causeway",2019-07-22,NA,NA,NA,NA,NA,NA,NA,NA,NA,NA,NA,NA,NA,NA,NA,NA,NA,NA,NA,NA,12.8286810871292,NA,8.93782493988498,2.17467759808425,0.370029496004464,0.0217321852781573,0.020496845863969,1.06026973234745,0.742267444707514,1.51193561081303,6.28103683960981,0.862656923453557,1.15091246153968,0.170790479835101,0.620656838144242,0.235928763572696,0.0656560377388006,0.674265131709496,0.420133881838098,NA,0.286751699058875,NA,NA,NA,NA,NA,NA,NA,NA,NA,NA,NA,NA,NA,NA,NA,NA,NA,NA,NA,NA,NA,NA,NA,NA,NA,NA,NA,NA,NA,NA,NA,NA,NA,NA,NA,NA,NA,NA,NA,NA
"511","Clay_DOC_BuffaloPound_2019_USaskatchewan_BaulchLabandWSA.xlsx","DOC_BuffaloPound_2019_USaskatch","Upstream of Causeway East","BPL u/s causeway East",2019-07-22,NA,NA,NA,NA,NA,NA,NA,NA,NA,NA,NA,NA,NA,NA,NA,NA,NA,NA,NA,NA,10.1821046681476,NA,7.05771789439383,1.64952498067082,0.267340583879238,0.022870312352545,0.0211892705812809,1.07933457477055,0.74598069028448,1.54639014389795,6.36088802175892,0.864146826164998,0.929177797120078,0.135967058045562,0.493777852201726,0.183105422793923,0.0523681219418776,0.545862722992523,0.34585721605351,NA,0.237905277107044,NA,NA,NA,NA,NA,NA,NA,NA,NA,NA,NA,NA,NA,NA,NA,NA,NA,NA,NA,NA,NA,NA,NA,NA,NA,NA,NA,NA,NA,NA,NA,NA,NA,NA,NA,NA,NA,NA,NA,NA
"512","Clay_DOC_BuffaloPound_2019_USaskatchewan_BaulchLabandWSA.xlsx","DOC_BuffaloPound_2019_USaskatch","Upstream of Causeway West","BPL u/s causeway West",2019-07-22,NA,NA,NA,NA,NA,NA,NA,NA,NA,NA,NA,NA,NA,NA,NA,NA,NA,NA,NA,NA,10.3347617205391,NA,7.12547139154801,1.64618781635346,0.281400669464088,0.023269263279774,0.0208574087167748,1.11563538864056,0.733165821366626,1.47962423436553,5.80613594825913,0.853073754682232,0.882812899566169,0.156874356666248,0.466887792121543,0.175836197259999,0.0514676572009381,0.527395993125081,0.348687496993407,NA,0.264502668462932,NA,NA,NA,NA,NA,NA,NA,NA,NA,NA,NA,NA,NA,NA,NA,NA,NA,NA,NA,NA,NA,NA,NA,NA,NA,NA,NA,NA,NA,NA,NA,NA,NA,NA,NA,NA,NA,NA,NA,NA
"513","Clay_DOC_BuffaloPound_2019_USaskatchewan_BaulchLabandWSA.xlsx","DOC_BuffaloPound_2019_USaskatch","Opposite Sun Valley","BPL Sun Valley",2019-07-22,NA,NA,NA,NA,NA,NA,NA,NA,NA,NA,NA,NA,NA,NA,NA,NA,NA,NA,NA,NA,10.3293962854138,NA,7.11629697821303,1.65191011369893,0.286781741825798,0.0231482691518261,0.0207455429170121,1.11581891322033,0.73276914318549,1.53661054979035,5.86364611477856,0.854304842750148,0.897305257184718,0.152646778275199,0.470520763285877,0.181573240304448,0.0509671245381606,0.533834452818678,0.351004490400507,NA,0.245742065224258,NA,NA,NA,NA,NA,NA,NA,NA,NA,NA,NA,NA,NA,NA,NA,NA,NA,NA,NA,NA,NA,NA,NA,NA,NA,NA,NA,NA,NA,NA,NA,NA,NA,NA,NA,NA,NA,NA,NA,NA
"514","Clay_DOC_BuffaloPound_2019_USaskatchewan_BaulchLabandWSA.xlsx","DOC_BuffaloPound_2019_USaskatch","1.5 km below Qu'Appelle R. Inflow Centre","BPL below Qu'Appelle Centre",2019-07-22,NA,NA,NA,NA,NA,NA,NA,NA,NA,NA,NA,NA,NA,NA,NA,NA,NA,NA,NA,NA,9.43407532091514,NA,6.40285606236771,1.41295751005334,0.228701758375363,0.0243716849685035,0.0210973179306691,1.15520300014413,0.759095011794681,1.51855765064661,5.81710895001158,0.853310251114836,0.798604966355424,0.127660185496823,0.429483958556163,0.157737894604232,0.0467395078253805,0.473419370017914,0.311772600736525,NA,0.226896613960838,NA,NA,NA,NA,NA,NA,NA,NA,NA,NA,NA,NA,NA,NA,NA,NA,NA,NA,NA,NA,NA,NA,NA,NA,NA,NA,NA,NA,NA,NA,NA,NA,NA,NA,NA,NA,NA,NA,NA,NA
"515","Clay_DOC_BuffaloPound_2019_USaskatchewan_BaulchLabandWSA.xlsx","DOC_BuffaloPound_2019_USaskatch","1.5 km below Qu'Appelle R. Inflow East","BPL below Qu'Appelle East",2019-07-22,NA,NA,NA,NA,NA,NA,NA,NA,NA,NA,NA,NA,NA,NA,NA,NA,NA,NA,NA,NA,8.90359932058447,NA,6.0050854636606,1.3001930182957,0.191561893879662,0.0248144341101046,0.0219720091185392,1.12936572965315,0.773567081396414,1.53359000234157,5.76608952469078,0.852204142976411,0.7582593610446,0.137126107650364,0.432702502636965,0.157881275720606,0.0474371393797093,0.447741929246437,0.295683288583799,NA,0.225657441522445,NA,NA,NA,NA,NA,NA,NA,NA,NA,NA,NA,NA,NA,NA,NA,NA,NA,NA,NA,NA,NA,NA,NA,NA,NA,NA,NA,NA,NA,NA,NA,NA,NA,NA,NA,NA,NA,NA,NA,NA
"516","Clay_DOC_BuffaloPound_2019_USaskatchewan_BaulchLabandWSA.xlsx","DOC_BuffaloPound_2019_USaskatch","1.5 km below Qu'Appelle R. Inflow West","BPL below Qu'Appelle West",2019-07-22,NA,NA,NA,NA,NA,NA,NA,NA,NA,NA,NA,NA,NA,NA,NA,NA,NA,NA,NA,NA,9.14223527978726,NA,6.22810052044061,1.41041637858464,0.247391865296899,0.0244614229319089,0.0202854430125802,1.20586091793701,0.797569265083545,1.54775151621906,4.80379009178372,0.827698799545546,0.765936155280918,0.184283439766851,0.414550356574084,0.158872326078228,0.0490855223214943,0.459366467772128,0.331187564163319,NA,0.286181725211595,NA,NA,NA,NA,NA,NA,NA,NA,NA,NA,NA,NA,NA,NA,NA,NA,NA,NA,NA,NA,NA,NA,NA,NA,NA,NA,NA,NA,NA,NA,NA,NA,NA,NA,NA,NA,NA,NA,NA,NA
"517","Clay_DOC_BuffaloPound_2019_USaskatchewan_BaulchLabandWSA.xlsx","DOC_BuffaloPound_2019_USaskatch","Method Blank","Method Blank",2019-07-22,NA,NA,NA,NA,NA,NA,NA,NA,NA,NA,NA,NA,NA,NA,NA,NA,NA,NA,NA,NA,9.12349758807004,NA,6.23656984136175,1.44162136191965,0.282038866151715,0.0243152521206327,0.0193484856913276,1.25670052470986,0.802597822019333,1.56533813624633,4.96754636637036,0.832426940888902,0.762095424392424,0.165618144980787,0.416077317193314,0.164028159446648,0.0504337096701897,0.46452377042779,0.31258386737185,NA,0.251156334248408,NA,NA,NA,NA,NA,NA,NA,NA,NA,NA,NA,NA,NA,NA,NA,NA,NA,NA,NA,NA,NA,NA,NA,NA,NA,NA,NA,NA,NA,NA,NA,NA,NA,NA,NA,NA,NA,NA,NA,NA
"518","Clay_DOC_BuffaloPound_2019_USaskatchewan_BaulchLabandWSA.xlsx","DOC_BuffaloPound_2019_USaskatch","0.5 mi Below Outlet","BP Outlet",2019-07-22,NA,NA,NA,NA,NA,NA,NA,NA,NA,NA,NA,NA,NA,NA,NA,NA,NA,NA,NA,NA,9.10622879237325,NA,6.230820759469,1.42941176245025,0.24130823322846,0.025109966155597,0.0202329254856301,1.24104476010801,0.848763243179628,1.59211152334263,4.38333364832751,0.814241496937371,0.658597669743217,0.175639511412022,0.366273443394117,0.140566687781393,0.0376167174117318,0.396098554906337,0.303568651755217,NA,0.271780993356634,NA,NA,NA,NA,NA,NA,NA,NA,NA,NA,NA,NA,NA,NA,NA,NA,NA,NA,NA,NA,NA,NA,NA,NA,NA,NA,NA,NA,NA,NA,NA,NA,NA,NA,NA,NA,NA,NA,NA,NA
"519","Clay_DOC_BuffaloPound_2019_USaskatchewan_BaulchLabandWSA.xlsx","DOC_BuffaloPound_2019_USaskatch","Qu'Appelle River at Hwy 19","Qu'Appelle @ HWY19",2019-07-22,NA,NA,NA,NA,NA,NA,NA,NA,NA,NA,NA,NA,NA,NA,NA,NA,NA,NA,NA,NA,9.24740818605536,NA,6.32985612116195,1.50449510421531,0.320135660225043,0.0241378144271705,0.0185405303878133,1.30189449396962,0.804124176300326,1.58227342137031,4.99477151980048,0.833187971101644,0.75850733206239,0.188816924994945,0.423384387515601,0.166610139201975,0.0496853206024224,0.468685027515472,0.328994950914092,NA,0.285059837498838,NA,NA,NA,NA,NA,NA,NA,NA,NA,NA,NA,NA,NA,NA,NA,NA,NA,NA,NA,NA,NA,NA,NA,NA,NA,NA,NA,NA,NA,NA,NA,NA,NA,NA,NA,NA,NA,NA,NA,NA
"520","Clay_DOC_BuffaloPound_2019_USaskatchewan_BaulchLabandWSA.xlsx","DOC_BuffaloPound_2019_USaskatch","Buoy 0.8 m","Buoy 0.8 m",2019-07-29,NA,NA,NA,NA,NA,NA,NA,NA,NA,NA,NA,NA,NA,NA,NA,NA,NA,NA,4.822,NA,9.62978641740161,NA,6.61311304422555,1.68764462655249,0.438283941950075,0.0223200906109068,0.0163568032942228,1.36457535188371,0.793902531263483,1.57375764914006,4.85874374609198,0.829314944749539,0.838333253031126,0.215101915134794,0.461973530584526,0.181766878460964,0.0529331024336297,0.51240414312618,0.357554503776196,NA,0.313194221212508,NA,NA,NA,NA,NA,NA,NA,NA,NA,NA,NA,NA,NA,NA,NA,NA,NA,NA,NA,NA,NA,NA,0.4187,NA,NA,NA,NA,NA,NA,NA,NA,NA,NA,NA,NA,NA,NA,NA,NA,NA
"521","Clay_DOC_BuffaloPound_2019_USaskatchewan_BaulchLabandWSA.xlsx","DOC_BuffaloPound_2019_USaskatch","Buoy 2.8 m","Buoy 2.8 m",2019-07-29,NA,NA,NA,NA,NA,NA,NA,NA,NA,NA,NA,NA,NA,NA,NA,NA,NA,NA,4.575,NA,9.70506027099786,NA,6.65229466371021,1.73011566056407,0.486739749777748,0.0226019524858578,0.015902053286448,1.4213228995478,0.797249830727244,1.57262030916963,5.09391303492728,0.835901826253756,0.812872803898372,0.17815406139989,0.44535787262861,0.175892176725012,0.0536098495294605,0.497816445532993,0.338633349412357,NA,0.27469917637262,NA,NA,NA,NA,NA,NA,NA,NA,NA,NA,NA,NA,NA,NA,NA,NA,NA,NA,NA,NA,NA,NA,0.3545,NA,NA,NA,NA,NA,NA,NA,NA,NA,NA,NA,NA,NA,NA,NA,NA,NA
"522","Clay_DOC_BuffaloPound_2019_USaskatchewan_BaulchLabandWSA.xlsx","DOC_BuffaloPound_2019_USaskatch","Method Blank","Method Blank",2019-08-06,NA,NA,NA,NA,NA,NA,NA,NA,NA,NA,NA,NA,NA,NA,NA,NA,NA,NA,NA,NA,8.48862303130492,NA,5.75143313075823,1.22138816778146,0.185490094110351,0.0245260394123833,0.0221786765647257,1.10583872490349,0.769199064259821,1.47956777704787,5.34808756272958,0.842472242211792,0.705514035467292,0.130442743111155,0.35595248831838,0.123706533203567,0.0352884592682825,0.418715549139382,0.278995961393814,NA,0.211028325686458,NA,NA,NA,NA,NA,NA,NA,NA,NA,NA,NA,NA,NA,NA,NA,NA,NA,NA,NA,NA,NA,NA,NA,NA,NA,NA,NA,NA,NA,NA,NA,NA,NA,NA,NA,NA,NA,NA,NA,NA
"523","Clay_DOC_BuffaloPound_2019_USaskatchewan_BaulchLabandWSA.xlsx","DOC_BuffaloPound_2019_USaskatch","0.5 mi Above Outlet","BPL above Outlet",2019-08-06,NA,NA,NA,NA,NA,NA,NA,NA,NA,NA,NA,NA,NA,NA,NA,NA,NA,NA,NA,NA,10.6124203429889,NA,7.35131724774721,1.83327353550033,0.470334138263998,0.0236468581042891,0.0169336605057164,1.3964410173634,0.798837445745481,1.58940737380087,4.13948882688861,0.805428120639502,0.803137471255145,0.237778298624049,0.450214153417108,0.174227403241949,0.0482401663319778,0.487611522621199,0.378500577533732,NA,0.358332675919365,NA,NA,NA,NA,NA,NA,NA,NA,NA,NA,NA,NA,NA,NA,NA,NA,NA,NA,NA,NA,NA,NA,NA,NA,NA,NA,NA,NA,NA,NA,NA,NA,NA,NA,NA,NA,NA,NA,NA,NA
"524","Clay_DOC_BuffaloPound_2019_USaskatchewan_BaulchLabandWSA.xlsx","DOC_BuffaloPound_2019_USaskatch","Opposite Sun Valley","BPL Sun Valley",2019-08-06,NA,NA,NA,NA,NA,NA,NA,NA,NA,NA,NA,NA,NA,NA,NA,NA,NA,NA,NA,NA,8.59560916059846,NA,5.9139384474001,1.37188571363896,0.218283292066277,0.0236431294706151,0.0219075182333851,1.07922445704439,0.735209117976187,1.50323730677694,6.60604148491804,0.868525565896151,0.790946690753897,0.108329365316589,0.412104000184558,0.157217145775052,0.0492030376382755,0.457395397469539,0.285061726847712,NA,0.190518227922361,NA,NA,NA,NA,NA,NA,NA,NA,NA,NA,NA,NA,NA,NA,NA,NA,NA,NA,NA,NA,NA,NA,NA,NA,NA,NA,NA,NA,NA,NA,NA,NA,NA,NA,NA,NA,NA,NA,NA,NA
"525","Clay_DOC_BuffaloPound_2019_USaskatchewan_BaulchLabandWSA.xlsx","DOC_BuffaloPound_2019_USaskatch","Buoy 0.8 m","Buoy 0.8 m",2019-08-07,NA,NA,NA,NA,NA,NA,NA,NA,NA,NA,NA,NA,NA,NA,NA,NA,NA,NA,5.497,NA,10.0606883675114,NA,6.85671910050401,1.65810155105941,0.373766526946775,0.0231259719841317,0.0173927514454684,1.32963275285332,0.802652032149491,1.56146671916404,4.33075508953502,0.81240931477735,0.875134051750778,0.265896658175779,0.480814485547282,0.19667400750971,0.0566288809476295,0.535806059206398,0.391402893594883,NA,0.378401680312179,NA,NA,NA,NA,NA,NA,NA,NA,NA,NA,NA,NA,NA,NA,NA,NA,NA,NA,NA,NA,NA,NA,0.4676,NA,NA,NA,NA,NA,NA,NA,NA,NA,NA,NA,NA,NA,NA,NA,NA,NA
"526","Clay_DOC_BuffaloPound_2019_USaskatchewan_BaulchLabandWSA.xlsx","DOC_BuffaloPound_2019_USaskatch","Buoy 2.8 m","Buoy 2.8 m",2019-08-07,NA,NA,NA,NA,NA,NA,NA,NA,NA,NA,NA,NA,NA,NA,NA,NA,NA,NA,5.569,NA,10.0820374649285,NA,6.94807860166731,1.72840734847563,0.438587075641274,0.0229015005211284,0.016528866800274,1.38554571210827,0.794986902865045,1.58365494523058,4.43273701386601,0.815930718264533,0.831894620233236,0.243580814597815,0.453845666168252,0.187350852144815,0.0551616456357144,0.512251524301991,0.373387664184342,NA,0.349391667578309,NA,NA,NA,NA,NA,NA,NA,NA,NA,NA,NA,NA,NA,NA,NA,NA,NA,NA,NA,NA,NA,NA,0.3772,NA,NA,NA,NA,NA,NA,NA,NA,NA,NA,NA,NA,NA,NA,NA,NA,NA
"527","JM-WSA_BP-data-2019.xlsx","Sheet1","Opposite WTP Intake","Buffalo Pound Lake Opp Treatment Plant Intake",2019-08-15,NA,NA,NA,NA,NA,NA,NA,NA,NA,NA,NA,NA,NA,NA,NA,NA,NA,NA,5.2,NA,0.128,NA,NA,NA,NA,NA,NA,NA,NA,NA,NA,NA,NA,NA,NA,NA,NA,NA,NA,NA,NA,NA,NA,NA,NA,NA,NA,NA,NA,NA,NA,NA,NA,NA,NA,NA,NA,NA,NA,NA,NA,NA,NA,NA,NA,NA,NA,NA,NA,NA,NA,NA,NA,NA,NA,NA,24,17,92.7,0.6,2.541
"528","JM-WSA_BP-data-2019.xlsx","Sheet1","0.5 mi Above Outlet","Buffalo Pound Lake 0.5mi above Outlet",2019-08-15,NA,NA,NA,NA,NA,NA,NA,NA,NA,NA,NA,NA,NA,NA,NA,NA,NA,NA,6,NA,0.116,NA,NA,NA,NA,NA,NA,NA,NA,NA,NA,NA,NA,NA,NA,NA,NA,NA,NA,NA,NA,NA,NA,NA,NA,NA,NA,NA,NA,NA,NA,NA,NA,NA,NA,NA,NA,NA,NA,NA,NA,NA,NA,NA,NA,NA,NA,NA,NA,NA,NA,NA,NA,NA,NA,NA,15,11,40.38,1,NA
"529","JM-WSA_BP-data-2019.xlsx","Sheet1","Opposite Parkview","Buffalo Pound Lake Opp Parkview",2019-08-15,NA,NA,NA,NA,NA,NA,NA,NA,NA,NA,NA,NA,NA,NA,NA,NA,NA,NA,5,NA,0.139,NA,NA,NA,NA,NA,NA,NA,NA,NA,NA,NA,NA,NA,NA,NA,NA,NA,NA,NA,NA,NA,NA,NA,NA,NA,NA,NA,NA,NA,NA,NA,NA,NA,NA,NA,NA,NA,NA,NA,NA,NA,NA,NA,NA,NA,NA,NA,NA,NA,NA,NA,NA,NA,NA,NA,31,26,141.52,0.6,2.939
"530","JM-WSA_BP-data-2019.xlsx","Sheet1","Opposite Sun Valley","Buffalo Pound Lake Opp Sun Valley",2019-08-15,NA,NA,NA,NA,NA,NA,NA,NA,NA,NA,NA,NA,NA,NA,NA,NA,NA,NA,4.9,NA,0.133,NA,NA,NA,NA,NA,NA,NA,NA,NA,NA,NA,NA,NA,NA,NA,NA,NA,NA,NA,NA,NA,NA,NA,NA,NA,NA,NA,NA,NA,NA,NA,NA,NA,NA,NA,NA,NA,NA,NA,NA,NA,NA,NA,NA,NA,NA,NA,NA,NA,NA,NA,NA,NA,NA,NA,32,24,110.3,0.6,2.744
"531","JM-WSA_BP-data-2019.xlsx","Sheet1","Opposite South Lake","Buffalo Pound Lake Opp South Lake",2019-08-15,NA,NA,NA,NA,NA,NA,NA,NA,NA,NA,NA,NA,NA,NA,NA,NA,NA,NA,5,NA,0.14,NA,NA,NA,NA,NA,NA,NA,NA,NA,NA,NA,NA,NA,NA,NA,NA,NA,NA,NA,NA,NA,NA,NA,NA,NA,NA,NA,NA,NA,NA,NA,NA,NA,NA,NA,NA,NA,NA,NA,NA,NA,NA,NA,NA,NA,NA,NA,NA,NA,NA,NA,NA,NA,NA,NA,31,23,117.89,0.6,2.752
"532","JM-WSA_BP-data-2019.xlsx","Sheet1","0.5 mi Below Causeway","Buffalo Pound Lake 0.5mi Below Causeway",2019-08-15,NA,NA,NA,NA,NA,NA,NA,NA,NA,NA,NA,NA,NA,NA,NA,NA,NA,NA,4.7,NA,0.107,NA,NA,NA,NA,NA,NA,NA,NA,NA,NA,NA,NA,NA,NA,NA,NA,NA,NA,NA,NA,NA,NA,NA,NA,NA,NA,NA,NA,NA,NA,NA,NA,NA,NA,NA,NA,NA,NA,NA,NA,NA,NA,NA,NA,NA,NA,NA,NA,NA,NA,NA,NA,NA,NA,NA,4.3,3.7,13.06,1.4,1.094
"533","JM-WSA_BP-data-2019.xlsx","Sheet1","Upstream of Causeway West","Buffalo Pound Lake Upstream of Causeway- WEST",2019-08-15,NA,NA,NA,NA,NA,NA,NA,NA,NA,NA,NA,NA,NA,NA,NA,NA,NA,NA,4.3,NA,0.087,NA,NA,NA,NA,NA,NA,NA,NA,NA,NA,NA,NA,NA,NA,NA,NA,NA,NA,NA,NA,NA,NA,NA,NA,NA,NA,NA,NA,NA,NA,NA,NA,NA,NA,NA,NA,NA,NA,NA,NA,NA,NA,NA,NA,NA,NA,NA,NA,NA,NA,NA,NA,NA,NA,NA,1.4,0.88,4.55,2.05,0.61
"534","JM-WSA_BP-data-2019.xlsx","Sheet1","Upstream of Causeway Centre","Buffalo Pound Lake Upstream of Causeway",2019-08-15,NA,NA,NA,NA,NA,NA,NA,NA,NA,NA,NA,NA,NA,NA,NA,NA,NA,NA,4.4,NA,0.083,NA,NA,NA,NA,NA,NA,NA,NA,NA,NA,NA,NA,NA,NA,NA,NA,NA,NA,NA,NA,NA,NA,NA,NA,NA,NA,NA,NA,NA,NA,NA,NA,NA,NA,NA,NA,NA,NA,NA,NA,NA,NA,NA,NA,NA,NA,NA,NA,NA,NA,NA,NA,NA,NA,NA,1.5,0.93,4.07,2.2,0.446
"535","JM-WSA_BP-data-2019.xlsx","Sheet1","Upstream of Causeway East","Buffalo Pound Lake Upstream of Causeway- EAST",2019-08-15,NA,NA,NA,NA,NA,NA,NA,NA,NA,NA,NA,NA,NA,NA,NA,NA,NA,NA,4.5,NA,0.09,NA,NA,NA,NA,NA,NA,NA,NA,NA,NA,NA,NA,NA,NA,NA,NA,NA,NA,NA,NA,NA,NA,NA,NA,NA,NA,NA,NA,NA,NA,NA,NA,NA,NA,NA,NA,NA,NA,NA,NA,NA,NA,NA,NA,NA,NA,NA,NA,NA,NA,NA,NA,NA,NA,NA,1.1,0.54,4.55,2,0.683
"536","JM-WSA_BP-data-2019.xlsx","Sheet1","1.5 km below Qu'Appelle R. Inflow West","Buffalo Pound Lake 1.5 km below Qu'Appelle R. Inflow - WEST",2019-08-15,NA,NA,NA,NA,NA,NA,NA,NA,NA,NA,NA,NA,NA,NA,NA,NA,NA,NA,4,NA,0.112,NA,NA,NA,NA,NA,NA,NA,NA,NA,NA,NA,NA,NA,NA,NA,NA,NA,NA,NA,NA,NA,NA,NA,NA,NA,NA,NA,NA,NA,NA,NA,NA,NA,NA,NA,NA,NA,NA,NA,NA,NA,NA,NA,NA,NA,NA,NA,NA,NA,NA,NA,NA,NA,NA,NA,6.8,6.6,7.38,0.8,1.46
"537","JM-WSA_BP-data-2019.xlsx","Sheet1","1.5 km below Qu'Appelle R. Inflow Centre","Buffalo Pound Lake 1.5 km below Qu'Appelle R. Inflow",2019-08-15,NA,NA,NA,NA,NA,NA,NA,NA,NA,NA,NA,NA,NA,NA,NA,NA,NA,NA,4.1,NA,0.088,NA,NA,NA,NA,NA,NA,NA,NA,NA,NA,NA,NA,NA,NA,NA,NA,NA,NA,NA,NA,NA,NA,NA,NA,NA,NA,NA,NA,NA,NA,NA,NA,NA,NA,NA,NA,NA,NA,NA,NA,NA,NA,NA,NA,NA,NA,NA,NA,NA,NA,NA,NA,NA,NA,NA,5.3,5.2,6.46,0.9,2.147
"538","JM-WSA_BP-data-2019.xlsx","Sheet1","1.5 km below Qu'Appelle R. Inflow East","Buffalo Pound Lake 1.5 km below Qu'Appelle R. Inflow - EAST",2019-08-15,NA,NA,NA,NA,NA,NA,NA,NA,NA,NA,NA,NA,NA,NA,NA,NA,NA,NA,4.4,NA,0.124,NA,NA,NA,NA,NA,NA,NA,NA,NA,NA,NA,NA,NA,NA,NA,NA,NA,NA,NA,NA,NA,NA,NA,NA,NA,NA,NA,NA,NA,NA,NA,NA,NA,NA,NA,NA,NA,NA,NA,NA,NA,NA,NA,NA,NA,NA,NA,NA,NA,NA,NA,NA,NA,NA,NA,7.8,7.1,9.05,0.65,1.747
"539","Clay_DOC_BuffaloPound_2019_USaskatchewan_BaulchLabandWSA.xlsx","DOC_BuffaloPound_2019_USaskatch","Buoy 0.8 m","Buoy 0.8 m",2019-08-15,NA,NA,NA,NA,NA,NA,NA,NA,NA,NA,NA,NA,NA,NA,NA,NA,NA,NA,4.788,NA,10.0195957542272,NA,6.82473931655355,1.67798838968778,0.364640322832712,0.0230024383287407,0.017685384394365,1.30064678357061,0.798361221647046,1.55605497715846,4.73337113278359,0.825582545270448,0.880484985818872,0.252749669038998,0.484989882099938,0.200200344270203,0.0590307019950694,0.539396486210683,0.379348671376671,NA,0.347586710871139,NA,NA,NA,NA,NA,NA,NA,NA,NA,NA,NA,NA,NA,NA,NA,NA,NA,NA,NA,NA,NA,NA,0.4437,NA,NA,NA,NA,NA,NA,NA,NA,NA,NA,NA,NA,NA,NA,NA,NA,NA
"540","Clay_DOC_BuffaloPound_2019_USaskatchewan_BaulchLabandWSA.xlsx","DOC_BuffaloPound_2019_USaskatch","Buoy 2.8 m","Buoy 2.8 m",2019-08-15,NA,NA,NA,NA,NA,NA,NA,NA,NA,NA,NA,NA,NA,NA,NA,NA,NA,NA,5.076,NA,10.0105653153928,NA,6.87471311940523,1.65700780758174,0.363786456961163,0.0235384616515152,0.0177584320036929,1.32548085588978,0.794515058829642,1.57219796119603,4.82035517581729,0.828189179217988,0.879364125815898,0.236064003309751,0.486493128072594,0.202748174843809,0.0610240319178441,0.529187163236059,0.376758333337075,NA,0.339572212982848,NA,NA,NA,NA,NA,NA,NA,NA,NA,NA,NA,NA,NA,NA,NA,NA,NA,NA,NA,NA,NA,NA,0.4662,NA,NA,NA,NA,NA,NA,NA,NA,NA,NA,NA,NA,NA,NA,NA,NA,NA
"541","Clay_DOC_BuffaloPound_2019_USaskatchewan_BaulchLabandWSA.xlsx","DOC_BuffaloPound_2019_USaskatch","Upstream of Causeway East","BPL u/s causeway East",2019-08-15,NA,NA,NA,NA,NA,NA,NA,NA,NA,NA,NA,NA,NA,NA,NA,NA,NA,NA,NA,NA,9.32292595700056,NA,6.36335051034116,1.41559627863386,0.214101298066012,0.0237442913586326,0.02189247230969,1.08458702255034,0.738399098160217,1.51878610959656,6.07793280661446,0.858715810488413,0.80845567135854,0.12750955189336,0.422746510793463,0.159215583042384,0.0464630791216619,0.469550735820482,0.294442805356218,NA,0.208394560797253,NA,NA,NA,NA,NA,NA,NA,NA,NA,NA,NA,NA,NA,NA,NA,NA,NA,NA,NA,NA,NA,NA,NA,NA,NA,NA,NA,NA,NA,NA,NA,NA,NA,NA,NA,NA,NA,NA,NA,NA
"542","Clay_DOC_BuffaloPound_2019_USaskatchewan_BaulchLabandWSA.xlsx","DOC_BuffaloPound_2019_USaskatch","Upstream of Causeway Centre","BPL u/s causeway Centre",2019-08-15,NA,NA,NA,NA,NA,NA,NA,NA,NA,NA,NA,NA,NA,NA,NA,NA,NA,NA,NA,NA,8.76255949987445,NA,5.9799081992353,1.32453676014724,0.188130807215306,0.0238394887545613,0.0221486693683046,1.07633954700125,0.754171645339546,1.52173867523297,5.88070996204818,0.854666160103291,0.768867388402034,0.130946826854661,0.401803423892285,0.149926948725426,0.0447469493814958,0.445939050657065,0.29222594144941,NA,0.207375156107782,NA,NA,NA,NA,NA,NA,NA,NA,NA,NA,NA,NA,NA,NA,NA,NA,NA,NA,NA,NA,NA,NA,NA,NA,NA,NA,NA,NA,NA,NA,NA,NA,NA,NA,NA,NA,NA,NA,NA,NA
"543","Clay_DOC_BuffaloPound_2019_USaskatchewan_BaulchLabandWSA.xlsx","DOC_BuffaloPound_2019_USaskatch","Upstream of Causeway West","BPL u/s causeway West",2019-08-15,NA,NA,NA,NA,NA,NA,NA,NA,NA,NA,NA,NA,NA,NA,NA,NA,NA,NA,NA,NA,8.35541368638559,NA,5.691745812787,1.22226258818407,0.15546632291279,0.0243139350778577,0.0232125225169805,1.04744906806537,0.747451882860794,1.48027715358642,5.46870702782099,0.845409601068785,0.738150316678424,0.134310137841897,0.387090410449508,0.148324081163775,0.0436034532729608,0.436459471892292,0.282481506285185,NA,0.207715120179104,NA,NA,NA,NA,NA,NA,NA,NA,NA,NA,NA,NA,NA,NA,NA,NA,NA,NA,NA,NA,NA,NA,NA,NA,NA,NA,NA,NA,NA,NA,NA,NA,NA,NA,NA,NA,NA,NA,NA,NA
"544","Clay_DOC_BuffaloPound_2019_USaskatchewan_BaulchLabandWSA.xlsx","DOC_BuffaloPound_2019_USaskatch","1.5 km below Qu'Appelle R. Inflow East","BPL below Qu'Appelle East",2019-08-15,NA,NA,NA,NA,NA,NA,NA,NA,NA,NA,NA,NA,NA,NA,NA,NA,NA,NA,NA,NA,9.68390285016146,NA,6.69520260409124,1.58143114231346,0.302615147241316,0.0233288480826978,0.0197506247519478,1.18117013389144,0.753091022590897,1.51023399533092,5.34726188172661,0.842451750276928,0.800018939117355,0.165947640077842,0.417865552535748,0.156030797775884,0.0464338497536774,0.469035641555095,0.323671474496902,NA,0.26275803062534,NA,NA,NA,NA,NA,NA,NA,NA,NA,NA,NA,NA,NA,NA,NA,NA,NA,NA,NA,NA,NA,NA,NA,NA,NA,NA,NA,NA,NA,NA,NA,NA,NA,NA,NA,NA,NA,NA,NA,NA
"545","Clay_DOC_BuffaloPound_2019_USaskatchewan_BaulchLabandWSA.xlsx","DOC_BuffaloPound_2019_USaskatch","1.5 km below Qu'Appelle R. Inflow Centre","BPL below Qu'Appelle Centre",2019-08-15,NA,NA,NA,NA,NA,NA,NA,NA,NA,NA,NA,NA,NA,NA,NA,NA,NA,NA,NA,NA,8.92199058488526,NA,6.10966914787996,1.35494466085981,0.210677722186873,0.0237152626459369,0.0215217547423615,1.10192049532364,0.74164754544057,1.52408506243462,5.81467446824382,0.853257847508348,0.77534875432572,0.128159948037738,0.403101993801527,0.152038298908467,0.0445678086263892,0.457316875688427,0.291551045358115,NA,0.216645445271535,NA,NA,NA,NA,NA,NA,NA,NA,NA,NA,NA,NA,NA,NA,NA,NA,NA,NA,NA,NA,NA,NA,NA,NA,NA,NA,NA,NA,NA,NA,NA,NA,NA,NA,NA,NA,NA,NA,NA,NA
"546","Clay_DOC_BuffaloPound_2019_USaskatchewan_BaulchLabandWSA.xlsx","DOC_BuffaloPound_2019_USaskatch","1.5 km below Qu'Appelle R. Inflow West","BPL below Qu'Appelle West",2019-08-15,NA,NA,NA,NA,NA,NA,NA,NA,NA,NA,NA,NA,NA,NA,NA,NA,NA,NA,NA,NA,9.40199228646031,NA,6.50207161788118,1.55134465238938,0.31770357384362,0.0233225176849713,0.0194470992508526,1.19928002547469,0.765059068975066,1.50662615797611,5.26662027212873,0.840424350515129,0.805083859402258,0.155047820887387,0.416451014232523,0.159708915332696,0.0474920827444199,0.510829413847631,0.313507766193196,NA,0.258312638551521,NA,NA,NA,NA,NA,NA,NA,NA,NA,NA,NA,NA,NA,NA,NA,NA,NA,NA,NA,NA,NA,NA,NA,NA,NA,NA,NA,NA,NA,NA,NA,NA,NA,NA,NA,NA,NA,NA,NA,NA
"547","Clay_DOC_BuffaloPound_2019_USaskatchewan_BaulchLabandWSA.xlsx","DOC_BuffaloPound_2019_USaskatch","0.5 mi Below Outlet","BP Outlet",2019-08-15,NA,NA,NA,NA,NA,NA,NA,NA,NA,NA,NA,NA,NA,NA,NA,NA,NA,NA,NA,NA,10.2393941849213,NA,7.06489817880348,1.65199702176238,0.307215831691779,0.0233540965093607,0.0201742346487158,1.15761995019956,0.763656574076047,1.53618832062903,5.86033464231049,0.854234515932708,0.865147013814663,0.166865247282827,0.457969032964351,0.17182632604436,0.0517452764498957,0.508593001172673,0.336095166244079,NA,0.266373028979146,NA,NA,NA,NA,NA,NA,NA,NA,NA,NA,NA,NA,NA,NA,NA,NA,NA,NA,NA,NA,NA,NA,NA,NA,NA,NA,NA,NA,NA,NA,NA,NA,NA,NA,NA,NA,NA,NA,NA,NA
"548","Clay_DOC_BuffaloPound_2019_USaskatchewan_BaulchLabandWSA.xlsx","DOC_BuffaloPound_2019_USaskatch","Qu'Appelle River at Marquis","Qu'Appelle @ Marquis",2019-08-15,NA,NA,NA,NA,NA,NA,NA,NA,NA,NA,NA,NA,NA,NA,NA,NA,NA,NA,NA,NA,9.65530200565671,NA,6.68191771212607,1.66386638633696,0.379169028519883,0.0229653756487452,0.0176887369742195,1.29830499951557,0.789730902585501,1.53363845954178,5.55623611004456,0.84747346141669,0.887597445995869,0.172827270733884,0.487631796663808,0.201846318798164,0.0611301437534737,0.535131395517566,0.36260876965393,NA,0.291169721885442,NA,NA,NA,NA,NA,NA,NA,NA,NA,NA,NA,NA,NA,NA,NA,NA,NA,NA,NA,NA,NA,NA,NA,NA,NA,NA,NA,NA,NA,NA,NA,NA,NA,NA,NA,NA,NA,NA,NA,NA
"549","Clay_DOC_BuffaloPound_2019_USaskatchewan_BaulchLabandWSA.xlsx","DOC_BuffaloPound_2019_USaskatch","Qu'Appelle River at Hwy 19","Qu'Appelle @ HWY19",2019-08-15,NA,NA,NA,NA,NA,NA,NA,NA,NA,NA,NA,NA,NA,NA,NA,NA,NA,NA,NA,NA,10.2998250293483,NA,7.12712330327881,1.72700504534881,0.375967968840589,0.0232468227923016,0.0182306804743254,1.27514838653668,0.798998477581557,1.54852903169038,5.15816059863762,0.837613848488909,0.943973103755689,0.215999844346502,0.514728370414329,0.211092794783621,0.0639055444628025,0.571814243184868,0.3964063367419,NA,0.331850496113165,NA,NA,NA,NA,NA,NA,NA,NA,NA,NA,NA,NA,NA,NA,NA,NA,NA,NA,NA,NA,NA,NA,NA,NA,NA,NA,NA,NA,NA,NA,NA,NA,NA,NA,NA,NA,NA,NA,NA,NA
"550","Clay_DOC_BuffaloPound_2019_USaskatchewan_BaulchLabandWSA.xlsx","DOC_BuffaloPound_2019_USaskatch","Opposite Sun Valley","BPL Sun Valley",2019-08-15,NA,NA,NA,NA,NA,NA,NA,NA,NA,NA,NA,NA,NA,NA,NA,NA,NA,NA,NA,NA,9.52838421037877,NA,6.56756885706804,1.60174302925501,0.334894163902081,0.0234074701800869,0.0182165400401067,1.28495697473568,0.789802039704631,1.56061715551627,5.42956789415121,0.844468552714146,0.874416516418737,0.188291244349431,0.480842466050553,0.197732648303461,0.0611077269409169,0.526500613081378,0.361301089623842,NA,0.310114527388,NA,NA,NA,NA,NA,NA,NA,NA,NA,NA,NA,NA,NA,NA,NA,NA,NA,NA,NA,NA,NA,NA,NA,NA,NA,NA,NA,NA,NA,NA,NA,NA,NA,NA,NA,NA,NA,NA,NA,NA
"551","Clay_DOC_BuffaloPound_2019_USaskatchewan_BaulchLabandWSA.xlsx","DOC_BuffaloPound_2019_USaskatch","Opposite South Lake","BPL South Lake",2019-08-15,NA,NA,NA,NA,NA,NA,NA,NA,NA,NA,NA,NA,NA,NA,NA,NA,NA,NA,NA,NA,9.7622987000154,NA,6.77039964109261,1.68722971810868,0.402230418780866,0.02329699069366,0.0172559248961704,1.350086467914,0.788198661230941,1.57051016370432,5.25969306223081,0.840247758147486,0.859929420736592,0.178173962775557,0.477632929979771,0.193723273147873,0.0592673175994855,0.522961806244959,0.364979538602424,NA,0.290974609838433,NA,NA,NA,NA,NA,NA,NA,NA,NA,NA,NA,NA,NA,NA,NA,NA,NA,NA,NA,NA,NA,NA,NA,NA,NA,NA,NA,NA,NA,NA,NA,NA,NA,NA,NA,NA,NA,NA,NA,NA
"552","Clay_DOC_BuffaloPound_2019_USaskatchewan_BaulchLabandWSA.xlsx","DOC_BuffaloPound_2019_USaskatch","Upstream of Causeway West","BPL u/s causeway West",2019-08-15,NA,NA,NA,NA,NA,NA,NA,NA,NA,NA,NA,NA,NA,NA,NA,NA,NA,NA,NA,NA,10.3674842568362,NA,7.14618992067273,1.74255062026407,0.35195153024581,0.0236783212676805,0.0183075552776239,1.29336336330067,0.834281359150999,1.58510531887777,4.29141071193507,0.811014480931438,0.827715415595549,0.215384634972777,0.486465889229992,0.189944277022624,0.0514514944423993,0.525046035232338,0.400979335210661,NA,0.340085327932766,NA,NA,NA,NA,NA,NA,NA,NA,NA,NA,NA,NA,NA,NA,NA,NA,NA,NA,NA,NA,NA,NA,NA,NA,NA,NA,NA,NA,NA,NA,NA,NA,NA,NA,NA,NA,NA,NA,NA,NA
"553","Clay_DOC_BuffaloPound_2019_USaskatchewan_BaulchLabandWSA.xlsx","DOC_BuffaloPound_2019_USaskatch","Opposite Parkview","BPL Parkview",2019-08-20,NA,NA,NA,NA,NA,NA,NA,NA,NA,NA,NA,NA,NA,NA,NA,NA,NA,NA,NA,NA,8.79452843808566,NA,6.07520043796125,1.51589255630861,0.431102020367283,0.0232716609981983,0.0164011060281315,1.41890802719538,0.752438535925753,1.523447428206,5.74289436655775,0.85169573396261,0.757029447799097,0.128305032712089,0.382867502070215,0.14554870770231,0.0430411012017515,0.43277211414512,0.29055918753081,NA,0.220771366243871,NA,NA,NA,NA,NA,NA,NA,NA,NA,NA,NA,NA,NA,NA,NA,NA,NA,NA,NA,NA,NA,NA,NA,NA,NA,NA,NA,NA,NA,NA,NA,NA,NA,NA,NA,NA,NA,NA,NA,NA
"554","Clay_DOC_BuffaloPound_2019_USaskatchewan_BaulchLabandWSA.xlsx","DOC_BuffaloPound_2019_USaskatch","1.5 km below Qu'Appelle R. Inflow East","BPL below Qu'Appelle East",2019-08-20,NA,NA,NA,NA,NA,NA,NA,NA,NA,NA,NA,NA,NA,NA,NA,NA,NA,NA,NA,NA,8.26734921595629,NA,5.58608763776899,1.20912857213733,0.22976064472905,0.0247400529304999,0.0208959340477283,1.18396492226627,0.781561402000069,1.47757179662778,5.55997528856003,0.847560401371648,0.681761297193646,0.11626134043452,0.340644654537311,0.11931531894517,0.0339817868769335,0.395153341436321,0.262381967736923,NA,0.197452142125143,NA,NA,NA,NA,NA,NA,NA,NA,NA,NA,NA,NA,NA,NA,NA,NA,NA,NA,NA,NA,NA,NA,NA,NA,NA,NA,NA,NA,NA,NA,NA,NA,NA,NA,NA,NA,NA,NA,NA,NA
"555","Clay_DOC_BuffaloPound_2019_USaskatchewan_BaulchLabandWSA.xlsx","DOC_BuffaloPound_2019_USaskatch","Upstream of Causeway Centre","BPL u/s causeway Centre",2019-08-20,NA,NA,NA,NA,NA,NA,NA,NA,NA,NA,NA,NA,NA,NA,NA,NA,NA,NA,NA,NA,11.2006465575525,NA,7.74996727322007,1.87984208956257,0.417829898032898,0.0237266055028132,0.0176796814548974,1.34202675332935,0.82860205366567,1.58649623256426,3.3499629044364,0.770112982117588,0.846394946800395,0.354160870611512,0.476462357526699,0.193115753613973,0.0540151147637493,0.534739215213604,0.454501186936745,NA,0.503669835677886,NA,NA,NA,NA,NA,NA,NA,NA,NA,NA,NA,NA,NA,NA,NA,NA,NA,NA,NA,NA,NA,NA,NA,NA,NA,NA,NA,NA,NA,NA,NA,NA,NA,NA,NA,NA,NA,NA,NA,NA
"556","Clay_DOC_BuffaloPound_2019_USaskatchewan_BaulchLabandWSA.xlsx","DOC_BuffaloPound_2019_USaskatch","Buoy 0.8 m","Buoy 0.8 m",2019-08-21,NA,NA,NA,NA,NA,NA,NA,NA,NA,NA,NA,NA,NA,NA,NA,NA,NA,NA,5.146,NA,9.96395717457318,NA,6.86615737391862,1.64873424789064,0.362471586719215,0.0230435035715467,0.0178831575895831,1.28855899502722,0.789204442938388,1.55795156665783,4.51481297412088,0.818670187966001,0.896425484038418,0.270691329187109,0.496958327346295,0.207218277759771,0.0611735760897458,0.544553363586324,0.397695743679129,NA,0.364049118847859,NA,NA,NA,NA,NA,NA,NA,NA,NA,NA,NA,NA,NA,NA,NA,NA,NA,NA,NA,NA,NA,NA,0.5112,NA,NA,NA,NA,NA,NA,NA,NA,NA,NA,NA,NA,NA,NA,NA,NA,NA
"557","Clay_DOC_BuffaloPound_2019_USaskatchewan_BaulchLabandWSA.xlsx","DOC_BuffaloPound_2019_USaskatch","Buoy 2.8 m","Buoy 2.8 m",2019-08-21,NA,NA,NA,NA,NA,NA,NA,NA,NA,NA,NA,NA,NA,NA,NA,NA,NA,NA,5.481,NA,10.2497175720608,NA,7.09118781994879,1.72425594396351,0.388907860014118,0.0232973978535574,0.0178130069227999,1.30788686910224,0.805696985280465,1.59163743544493,4.59527152504425,0.821277663555016,0.905911503581,0.264539671057755,0.497181995351617,0.214109566594636,0.0618610107159948,0.545094080087238,0.39488540645306,NA,0.37994118072704,NA,NA,NA,NA,NA,NA,NA,NA,NA,NA,NA,NA,NA,NA,NA,NA,NA,NA,NA,NA,NA,NA,0.5214,NA,NA,NA,NA,NA,NA,NA,NA,NA,NA,NA,NA,NA,NA,NA,NA,NA
"558","Clay_DOC_BuffaloPound_2019_USaskatchewan_BaulchLabandWSA.xlsx","DOC_BuffaloPound_2019_USaskatch","Buoy 0.8 m","Buoy 0.8 m",2019-08-30,NA,NA,NA,NA,NA,NA,NA,NA,NA,NA,NA,NA,NA,NA,NA,NA,NA,NA,4.998,NA,10.3948475964964,NA,7.21222941546119,1.90842952128949,0.551908902478384,0.0221443979333315,0.0149041624526797,1.48578613549331,0.786907585705792,1.5633921158033,4.63842373607082,0.822645468519388,0.929777310028863,0.252698106620585,0.512820683658964,0.20984593219066,0.0612914774837278,0.568151355516844,0.403064050292341,NA,0.354445116130677,NA,NA,NA,NA,NA,NA,NA,NA,NA,NA,NA,NA,NA,NA,NA,NA,NA,NA,NA,NA,NA,NA,0.4863,NA,NA,NA,NA,NA,NA,NA,NA,NA,NA,NA,NA,NA,NA,NA,NA,NA
"559","Clay_DOC_BuffaloPound_2019_USaskatchewan_BaulchLabandWSA.xlsx","DOC_BuffaloPound_2019_USaskatch","Buoy 2.8 m","Buoy 2.8 m",2019-08-30,NA,NA,NA,NA,NA,NA,NA,NA,NA,NA,NA,NA,NA,NA,NA,NA,NA,NA,4.98,NA,10.1613720505061,NA,6.99552374428054,1.67219951815315,0.358632582399188,0.0234547042167987,0.0177641957149104,1.32033583693924,0.790739988055308,1.58378648798412,4.85284217289078,0.829142838562809,0.91995021821069,0.251198250633744,0.508303544923255,0.210299736329799,0.0622721083163577,0.564895292795388,0.397442834044334,NA,0.389510176438297,NA,NA,NA,NA,NA,NA,NA,NA,NA,NA,NA,NA,NA,NA,NA,NA,NA,NA,NA,NA,NA,NA,0.5589,NA,NA,NA,NA,NA,NA,NA,NA,NA,NA,NA,NA,NA,NA,NA,NA,NA
"560","Clay_DOC_BuffaloPound_2019_USaskatchewan_BaulchLabandWSA.xlsx","DOC_BuffaloPound_2019_USaskatch","Buoy 0.8 m","Buoy 0.8 m",2019-09-03,NA,NA,NA,NA,NA,NA,NA,NA,NA,NA,NA,NA,NA,NA,NA,NA,NA,NA,4.935,NA,10.3783503560571,NA,6.89759683910378,1.63271679083855,0.336337752548992,0.0230004266906629,0.0182520460354199,1.26015607488762,0.789539283989461,1.57639753118654,3.46254023510266,0.775912384579991,0.927074872053822,0.28076220961967,0.514091419800489,0.206587157355455,0.0626484462874455,0.571368955697621,0.41955242597118,NA,0.437501625361827,NA,NA,NA,NA,NA,NA,NA,NA,NA,NA,NA,NA,NA,NA,NA,NA,NA,NA,NA,NA,NA,NA,0.4633,NA,NA,NA,NA,NA,NA,NA,NA,NA,NA,NA,NA,NA,NA,NA,NA,NA
"561","Clay_DOC_BuffaloPound_2019_USaskatchewan_BaulchLabandWSA.xlsx","DOC_BuffaloPound_2019_USaskatch","Buoy 2.8 m","Buoy 2.8 m",2019-09-03,NA,NA,NA,NA,NA,NA,NA,NA,NA,NA,NA,NA,NA,NA,NA,NA,NA,NA,4.884,NA,10.5257151399036,NA,7.08177335404838,1.71228354777017,0.395256727767232,0.0233302796634608,0.0176148109042917,1.32446949275945,0.792891918372343,1.62155481662959,3.89732591502063,0.795806932731822,0.906582520873761,0.329229832443094,0.50168508103676,0.207205953335456,0.063408285844043,0.562674652023824,0.407694878801801,NA,0.412137352536762,NA,NA,NA,NA,NA,NA,NA,NA,NA,NA,NA,NA,NA,NA,NA,NA,NA,NA,NA,NA,NA,NA,0.4558,NA,NA,NA,NA,NA,NA,NA,NA,NA,NA,NA,NA,NA,NA,NA,NA,NA
"562","Clay_DOC_BuffaloPound_2019_USaskatchewan_BaulchLabandWSA.xlsx","DOC_BuffaloPound_2019_USaskatch","Buoy 0.8 m","Buoy 0.8 m",2019-09-13,NA,NA,NA,NA,NA,NA,NA,NA,NA,NA,NA,NA,NA,NA,NA,NA,NA,NA,5.017,NA,9.95331179713443,NA,6.88869070107792,1.74667844841209,0.438414238796828,0.0223177483869227,0.0166269131840858,1.34226648926535,0.781012131283051,1.58048336946387,4.82844866562373,0.828427758848077,0.902450865120226,0.230013693348165,0.490072570550981,0.202768303844786,0.0596096106891683,0.545004131183002,0.376893519575063,NA,0.338535511107146,NA,NA,NA,NA,NA,NA,NA,NA,NA,NA,NA,NA,NA,NA,NA,NA,NA,NA,NA,NA,NA,NA,0.4032,NA,NA,NA,NA,NA,NA,NA,NA,NA,NA,NA,NA,NA,NA,NA,NA,NA
"563","Clay_DOC_BuffaloPound_2019_USaskatchewan_BaulchLabandWSA.xlsx","DOC_BuffaloPound_2019_USaskatch","Buoy 2.8 m","Buoy 2.8 m",2019-09-13,NA,NA,NA,NA,NA,NA,NA,NA,NA,NA,NA,NA,NA,NA,NA,NA,NA,NA,4.721,NA,9.81287448221779,NA,6.72321157988103,1.62523179276942,0.351513773951865,0.023545846925633,0.0177613470014581,1.32567912353157,0.784103296035537,1.5697495535628,5.19037520953473,0.83845890335375,0.877956601755753,0.208408238099358,0.482969285465588,0.196728948365724,0.0595970250437492,0.534211134976496,0.37091777800063,NA,0.330604798359019,NA,NA,NA,NA,NA,NA,NA,NA,NA,NA,NA,NA,NA,NA,NA,NA,NA,NA,NA,NA,NA,NA,0.4035,NA,NA,NA,NA,NA,NA,NA,NA,NA,NA,NA,NA,NA,NA,NA,NA,NA
"564","Clay_DOC_BuffaloPound_2019_USaskatchewan_BaulchLabandWSA.xlsx","DOC_BuffaloPound_2019_USaskatch","Buoy 0.8 m","Buoy 0.8 m",2019-09-17,NA,NA,NA,NA,NA,NA,NA,NA,NA,NA,NA,NA,NA,NA,NA,NA,NA,NA,4.878,NA,9.60144472116434,NA,6.5707928290435,1.5714480487194,0.3190438784726,0.0232293737394434,0.018168289095533,1.27856693700205,0.780529976759357,1.56990104654814,4.97093394150368,0.832522012503095,0.876654959472654,0.220185251731149,0.481037092170627,0.195976454984514,0.060218467453471,0.536341411145227,0.375965954510778,NA,0.329441667287638,NA,NA,NA,NA,NA,NA,NA,NA,NA,NA,NA,NA,NA,NA,NA,NA,NA,NA,NA,NA,NA,NA,0.3992,NA,NA,NA,NA,NA,NA,NA,NA,NA,NA,NA,NA,NA,NA,NA,NA,NA
"565","Clay_DOC_BuffaloPound_2019_USaskatchewan_BaulchLabandWSA.xlsx","DOC_BuffaloPound_2019_USaskatch","Buoy 2.8 m","Buoy 2.8 m",2019-09-17,NA,NA,NA,NA,NA,NA,NA,NA,NA,NA,NA,NA,NA,NA,NA,NA,NA,NA,4.942,NA,9.8262885765311,NA,6.69927960041019,1.65891061129289,0.406365651008301,0.0233601274578455,0.01701079040209,1.37325350002404,0.778746129397345,1.56887005793639,5.14275868674625,0.837206693116951,0.864218289754489,0.193887074523601,0.468014556830967,0.201059524470453,0.0588658535575603,0.530330634419505,0.364036872439671,NA,0.311137859311812,NA,NA,NA,NA,NA,NA,NA,NA,NA,NA,NA,NA,NA,NA,NA,NA,NA,NA,NA,NA,NA,NA,0.3893,NA,NA,NA,NA,NA,NA,NA,NA,NA,NA,NA,NA,NA,NA,NA,NA,NA
"566","JM-WSA_BP-data-2019.xlsx","Sheet1","Opposite WTP Intake","Buffalo Pound Lake Opp WTP",2019-09-23,NA,NA,NA,NA,NA,NA,NA,NA,NA,NA,NA,NA,NA,NA,NA,NA,NA,NA,5.3,NA,0.114,NA,NA,NA,NA,NA,NA,NA,NA,NA,NA,NA,NA,NA,NA,NA,NA,NA,NA,NA,NA,NA,NA,NA,NA,NA,NA,NA,NA,NA,NA,NA,NA,NA,NA,NA,NA,NA,NA,NA,NA,NA,NA,NA,NA,NA,NA,NA,NA,NA,NA,NA,NA,NA,NA,NA,5.6,5.3,19.69,0.7,1.421
"567","JM-WSA_BP-data-2019.xlsx","Sheet1","0.5 mi Above Outlet","Buffalo Pound Lake Above Outlet",2019-09-23,NA,NA,NA,NA,NA,NA,NA,NA,NA,NA,NA,NA,NA,NA,NA,NA,NA,NA,6.4,NA,0.115,NA,NA,NA,NA,NA,NA,NA,NA,NA,NA,NA,NA,NA,NA,NA,NA,NA,NA,NA,NA,NA,NA,NA,NA,NA,NA,NA,NA,NA,NA,NA,NA,NA,NA,NA,NA,NA,NA,NA,NA,NA,NA,NA,NA,NA,NA,NA,NA,NA,NA,NA,NA,NA,NA,NA,2.3,2.76,14.48,1.1,NA
"568","JM-WSA_BP-data-2019.xlsx","Sheet1","Opposite Parkview","Buffalo Pound Lake Opp Parkview",2019-09-23,NA,NA,NA,NA,NA,NA,NA,NA,NA,NA,NA,NA,NA,NA,NA,NA,NA,NA,4.9,NA,0.112,NA,NA,NA,NA,NA,NA,NA,NA,NA,NA,NA,NA,NA,NA,NA,NA,NA,NA,NA,NA,NA,NA,NA,NA,NA,NA,NA,NA,NA,NA,NA,NA,NA,NA,NA,NA,NA,NA,NA,NA,NA,NA,NA,NA,NA,NA,NA,NA,NA,NA,NA,NA,NA,NA,NA,5.5,4.9,21.27,0.9,1.305
"569","JM-WSA_BP-data-2019.xlsx","Sheet1","Opposite Sun Valley","Buffalo Pound Lake Opp Sun Valley",2019-09-23,NA,NA,NA,NA,NA,NA,NA,NA,NA,NA,NA,NA,NA,NA,NA,NA,NA,NA,4.4,NA,0.099,NA,NA,NA,NA,NA,NA,NA,NA,NA,NA,NA,NA,NA,NA,NA,NA,NA,NA,NA,NA,NA,NA,NA,NA,NA,NA,NA,NA,NA,NA,NA,NA,NA,NA,NA,NA,NA,NA,NA,NA,NA,NA,NA,NA,NA,NA,NA,NA,NA,NA,NA,NA,NA,NA,NA,3.2,3.4,15.33,1.3,0.902
"570","JM-WSA_BP-data-2019.xlsx","Sheet1","Opposite South Lake","Buffalo Pound Lake Opp South Lake",2019-09-23,NA,NA,NA,NA,NA,NA,NA,NA,NA,NA,NA,NA,NA,NA,NA,NA,NA,NA,4.2,NA,0.096,NA,NA,NA,NA,NA,NA,NA,NA,NA,NA,NA,NA,NA,NA,NA,NA,NA,NA,NA,NA,NA,NA,NA,NA,NA,NA,NA,NA,NA,NA,NA,NA,NA,NA,NA,NA,NA,NA,NA,NA,NA,NA,NA,NA,NA,NA,NA,NA,NA,NA,NA,NA,NA,NA,NA,4.1,3,13.24,1.1,0.922
"571","JM-WSA_BP-data-2019.xlsx","Sheet1","0.5 mi Below Causeway","Buffalo Pound Lake DS Causeway",2019-09-23,NA,NA,NA,NA,NA,NA,NA,NA,NA,NA,NA,NA,NA,NA,NA,NA,NA,NA,4.4,NA,0.101,NA,NA,NA,NA,NA,NA,NA,NA,NA,NA,NA,NA,NA,NA,NA,NA,NA,NA,NA,NA,NA,NA,NA,NA,NA,NA,NA,NA,NA,NA,NA,NA,NA,NA,NA,NA,NA,NA,NA,NA,NA,NA,NA,NA,NA,NA,NA,NA,NA,NA,NA,NA,NA,NA,NA,3.8,4.7,11.32,1,1.322
"572","JM-WSA_BP-data-2019.xlsx","Sheet1","Upstream of Causeway West","Buffalo Pound Lake US Causeway West",2019-09-23,NA,NA,NA,NA,NA,NA,NA,NA,NA,NA,NA,NA,NA,NA,NA,NA,NA,NA,4.4,NA,0.095,NA,NA,NA,NA,NA,NA,NA,NA,NA,NA,NA,NA,NA,NA,NA,NA,NA,NA,NA,NA,NA,NA,NA,NA,NA,NA,NA,NA,NA,NA,NA,NA,NA,NA,NA,NA,NA,NA,NA,NA,NA,NA,NA,NA,NA,NA,NA,NA,NA,NA,NA,NA,NA,NA,NA,1.5,2.08,12.78,1.7,0.965
"573","JM-WSA_BP-data-2019.xlsx","Sheet1","Upstream of Causeway Centre","Buffalo Pound Lake US Causeway Center",2019-09-23,NA,NA,NA,NA,NA,NA,NA,NA,NA,NA,NA,NA,NA,NA,NA,NA,NA,NA,4.4,NA,0.093,NA,NA,NA,NA,NA,NA,NA,NA,NA,NA,NA,NA,NA,NA,NA,NA,NA,NA,NA,NA,NA,NA,NA,NA,NA,NA,NA,NA,NA,NA,NA,NA,NA,NA,NA,NA,NA,NA,NA,NA,NA,NA,NA,NA,NA,NA,NA,NA,NA,NA,NA,NA,NA,NA,NA,1.4,1.8,0.2,NA,1.094
"574","JM-WSA_BP-data-2019.xlsx","Sheet1","Upstream of Causeway East","Buffalo Pound Lake US Causeway East",2019-09-23,NA,NA,NA,NA,NA,NA,NA,NA,NA,NA,NA,NA,NA,NA,NA,NA,NA,NA,4.4,NA,0.099,NA,NA,NA,NA,NA,NA,NA,NA,NA,NA,NA,NA,NA,NA,NA,NA,NA,NA,NA,NA,NA,NA,NA,NA,NA,NA,NA,NA,NA,NA,NA,NA,NA,NA,NA,NA,NA,NA,NA,NA,NA,NA,NA,NA,NA,NA,NA,NA,NA,NA,NA,NA,NA,NA,NA,1.6,1.84,7.47,1.7,0.86
"575","JM-WSA_BP-data-2019.xlsx","Sheet1","1.5 km below Qu'Appelle R. Inflow West","Buffalo Pound Lake below Qu'Appelle West",2019-09-23,NA,NA,NA,NA,NA,NA,NA,NA,NA,NA,NA,NA,NA,NA,NA,NA,NA,NA,4.7,NA,0.119,NA,NA,NA,NA,NA,NA,NA,NA,NA,NA,NA,NA,NA,NA,NA,NA,NA,NA,NA,NA,NA,NA,NA,NA,NA,NA,NA,NA,NA,NA,NA,NA,NA,NA,NA,NA,NA,NA,NA,NA,NA,NA,NA,NA,NA,NA,NA,NA,NA,NA,NA,NA,NA,NA,NA,3.5,5.1,15.05,0.9,0.831
"576","JM-WSA_BP-data-2019.xlsx","Sheet1","1.5 km below Qu'Appelle R. Inflow Centre","Buffalo Pound Lake below Qu'Appelle Center",2019-09-23,NA,NA,NA,NA,NA,NA,NA,NA,NA,NA,NA,NA,NA,NA,NA,NA,NA,NA,4.9,NA,0.115,NA,NA,NA,NA,NA,NA,NA,NA,NA,NA,NA,NA,NA,NA,NA,NA,NA,NA,NA,NA,NA,NA,NA,NA,NA,NA,NA,NA,NA,NA,NA,NA,NA,NA,NA,NA,NA,NA,NA,NA,NA,NA,NA,NA,NA,NA,NA,NA,NA,NA,NA,NA,NA,NA,NA,2.2,2.55,11.32,NA,1.17
"577","JM-WSA_BP-data-2019.xlsx","Sheet1","1.5 km below Qu'Appelle R. Inflow East","Buffalo Pound Lake below Qu'Appelle East",2019-09-23,NA,NA,NA,NA,NA,NA,NA,NA,NA,NA,NA,NA,NA,NA,NA,NA,NA,NA,5,NA,0.127,NA,NA,NA,NA,NA,NA,NA,NA,NA,NA,NA,NA,NA,NA,NA,NA,NA,NA,NA,NA,NA,NA,NA,NA,NA,NA,NA,NA,NA,NA,NA,NA,NA,NA,NA,NA,NA,NA,NA,NA,NA,NA,NA,NA,NA,NA,NA,NA,NA,NA,NA,NA,NA,NA,NA,3.2,5.95,12.89,0.7,1.883
"578","Clay_DOC_BuffaloPound_2019_USaskatchewan_BaulchLabandWSA.xlsx","DOC_BuffaloPound_2019_USaskatch","1.5 km below Qu'Appelle R. Inflow Centre","BPL below Qu'Appelle Centre",2019-09-23,NA,NA,NA,NA,NA,NA,NA,NA,NA,NA,NA,NA,NA,NA,NA,NA,NA,NA,NA,NA,8.80636218888774,NA,6.04198348011244,1.43027902098643,0.305286724878523,0.0238481436972912,0.0187187564546062,1.27402393183137,0.791096648877398,1.58372448040442,5.17581963840154,0.83807817284981,0.806578907193851,0.167065841867015,0.440063239143297,0.180319280978442,0.0545500555907237,0.485495100121174,0.32958023583401,NA,0.281960521244694,NA,NA,NA,NA,NA,NA,NA,NA,NA,NA,NA,NA,NA,NA,NA,NA,NA,NA,NA,NA,NA,NA,NA,NA,NA,NA,NA,NA,NA,NA,NA,NA,NA,NA,NA,NA,NA,NA,NA,NA
"579","Clay_DOC_BuffaloPound_2019_USaskatchewan_BaulchLabandWSA.xlsx","DOC_BuffaloPound_2019_USaskatch","1.5 km below Qu'Appelle R. Inflow West","BPL below Qu'Appelle West",2019-09-23,NA,NA,NA,NA,NA,NA,NA,NA,NA,NA,NA,NA,NA,NA,NA,NA,NA,NA,NA,NA,8.56677453801807,NA,5.87343786713423,1.34609013765647,0.249593466159385,0.0241222411653877,0.0198663805081579,1.21422425969754,0.77468336979194,1.53180461152075,5.54166990365297,0.847133833603927,0.749996292961469,0.146746322613689,0.399112339556964,0.161783460841372,0.0495586305932757,0.444485291084119,0.303899464709539,NA,0.244109416638707,NA,NA,NA,NA,NA,NA,NA,NA,NA,NA,NA,NA,NA,NA,NA,NA,NA,NA,NA,NA,NA,NA,NA,NA,NA,NA,NA,NA,NA,NA,NA,NA,NA,NA,NA,NA,NA,NA,NA,NA
"580","Clay_DOC_BuffaloPound_2019_USaskatchewan_BaulchLabandWSA.xlsx","DOC_BuffaloPound_2019_USaskatch","Opposite WTP Intake","BPL WTP",2019-09-23,NA,NA,NA,NA,NA,NA,NA,NA,NA,NA,NA,NA,NA,NA,NA,NA,NA,NA,NA,NA,9.24533789179921,NA,6.34023964995847,1.44855170936715,0.248011512598953,0.0237781227806662,0.0207401781275242,1.14647630480619,0.768679697333655,1.54712298365708,5.72100956293688,0.85121282887105,0.77098595980493,0.141807755826915,0.407784364234959,0.156271119500486,0.045344300587229,0.460013076471837,0.301215212746725,NA,0.226902410557951,NA,NA,NA,NA,NA,NA,NA,NA,NA,NA,NA,NA,NA,NA,NA,NA,NA,NA,NA,NA,NA,NA,NA,NA,NA,NA,NA,NA,NA,NA,NA,NA,NA,NA,NA,NA,NA,NA,NA,NA
"581","Clay_DOC_BuffaloPound_2019_USaskatchewan_BaulchLabandWSA.xlsx","DOC_BuffaloPound_2019_USaskatch","0.5 mi Below Causeway","BPL below causeway",2019-09-23,NA,NA,NA,NA,NA,NA,NA,NA,NA,NA,NA,NA,NA,NA,NA,NA,NA,NA,NA,NA,9.36186742942397,NA,6.42846682098648,1.52674108718112,0.326920963365376,0.0237002417880075,0.0184542928202435,1.28426713604595,0.797572712453066,1.57207508872589,5.57830459762303,0.847985147972422,0.83877363272049,0.163753914855195,0.463730178516661,0.189599425827701,0.057895848833256,0.514462059509642,0.342755961783621,NA,0.264097046849404,NA,NA,NA,NA,NA,NA,NA,NA,NA,NA,NA,NA,NA,NA,NA,NA,NA,NA,NA,NA,NA,NA,NA,NA,NA,NA,NA,NA,NA,NA,NA,NA,NA,NA,NA,NA,NA,NA,NA,NA
"582","Clay_DOC_BuffaloPound_2019_USaskatchewan_BaulchLabandWSA.xlsx","DOC_BuffaloPound_2019_USaskatch","0.5 mi Above Outlet","BPL above Outlet",2019-09-23,NA,NA,NA,NA,NA,NA,NA,NA,NA,NA,NA,NA,NA,NA,NA,NA,NA,NA,NA,NA,10.7465565899406,NA,7.42469815714746,1.82829581006302,0.362950921187244,0.0232429054064941,0.0184052452951686,1.26284138210293,0.805542068121198,1.60013329163409,4.52945476938974,0.819150342718082,0.898810761125853,0.244363013946169,0.505207110788843,0.209428096525476,0.0598252314328648,0.559186509096238,0.403960086476796,NA,0.372674851172192,NA,NA,NA,NA,NA,NA,NA,NA,NA,NA,NA,NA,NA,NA,NA,NA,NA,NA,NA,NA,NA,NA,NA,NA,NA,NA,NA,NA,NA,NA,NA,NA,NA,NA,NA,NA,NA,NA,NA,NA
"583","Clay_DOC_BuffaloPound_2019_USaskatchewan_BaulchLabandWSA.xlsx","DOC_BuffaloPound_2019_USaskatch","Upstream of Causeway East","BPL u/s causeway East",2019-09-23,NA,NA,NA,NA,NA,NA,NA,NA,NA,NA,NA,NA,NA,NA,NA,NA,NA,NA,NA,NA,9.02286419923411,NA,6.16415632340984,1.36515823678619,0.215020076892998,0.0241868009311021,0.0214168533965346,1.12933494399395,0.760504708726292,1.52316268826459,5.69966919823155,0.850738899128936,0.781744102217539,0.134297474956827,0.398752177346504,0.155695870812071,0.0453040808873813,0.447900845363715,0.300388297822459,NA,0.223363912508896,NA,NA,NA,NA,NA,NA,NA,NA,NA,NA,NA,NA,NA,NA,NA,NA,NA,NA,NA,NA,NA,NA,NA,NA,NA,NA,NA,NA,NA,NA,NA,NA,NA,NA,NA,NA,NA,NA,NA,NA
"584","Clay_DOC_BuffaloPound_2019_USaskatchewan_BaulchLabandWSA.xlsx","DOC_BuffaloPound_2019_USaskatch","0.5 mi Below Outlet","BP Outlet",2019-09-23,NA,NA,NA,NA,NA,NA,NA,NA,NA,NA,NA,NA,NA,NA,NA,NA,NA,NA,NA,NA,9.06289191184767,NA,6.20326611226569,1.38914587708264,0.218565053069161,0.0240229423660483,0.0214110955031839,1.12198567151672,0.772597628132445,1.5425882867529,5.7608494279206,0.852089591602166,0.770860051822556,0.132838911872247,0.40353969506246,0.154386230613684,0.0448213301316414,0.458829548410134,0.3015120383798,NA,0.224108587016864,NA,NA,NA,NA,NA,NA,NA,NA,NA,NA,NA,NA,NA,NA,NA,NA,NA,NA,NA,NA,NA,NA,NA,NA,NA,NA,NA,NA,NA,NA,NA,NA,NA,NA,NA,NA,NA,NA,NA,NA
"585","Clay_DOC_BuffaloPound_2019_USaskatchewan_BaulchLabandWSA.xlsx","DOC_BuffaloPound_2019_USaskatch","Qu'Appelle River at Marquis","Qu'Appelle @ Marquis",2019-09-23,NA,NA,NA,NA,NA,NA,NA,NA,NA,NA,NA,NA,NA,NA,NA,NA,NA,NA,NA,NA,9.51002189512547,NA,6.58553471422265,1.58361187545127,0.352707072813344,0.0233345212253195,0.0186095689404226,1.25389907203243,0.759742662334972,1.48303460222604,5.43098534239923,0.844502833273925,0.798173305158724,0.169878884139329,0.413314186959186,0.157377835786766,0.0445382753847777,0.463016999172651,0.32308941937883,NA,0.271488492599873,NA,NA,NA,NA,NA,NA,NA,NA,NA,NA,NA,NA,NA,NA,NA,NA,NA,NA,NA,NA,NA,NA,NA,NA,NA,NA,NA,NA,NA,NA,NA,NA,NA,NA,NA,NA,NA,NA,NA,NA
"586","Clay_DOC_BuffaloPound_2019_USaskatchewan_BaulchLabandWSA.xlsx","DOC_BuffaloPound_2019_USaskatch","Qu'Appelle River at Hwy 19","Qu'Appelle @ HWY19",2019-09-23,NA,NA,NA,NA,NA,NA,NA,NA,NA,NA,NA,NA,NA,NA,NA,NA,NA,NA,NA,NA,8.7326024158547,NA,5.98182196359492,1.42442750530672,0.274765895218151,0.023896840209736,0.0190878385558301,1.25194060814377,0.783393657134532,1.54610734028545,5.89691146466985,0.855007563150172,0.77949908700552,0.151318813175989,0.425438215463529,0.175372716783011,0.0531388344136908,0.470170823564722,0.314062748403383,NA,0.242191903588851,NA,NA,NA,NA,NA,NA,NA,NA,NA,NA,NA,NA,NA,NA,NA,NA,NA,NA,NA,NA,NA,NA,NA,NA,NA,NA,NA,NA,NA,NA,NA,NA,NA,NA,NA,NA,NA,NA,NA,NA
"587","Clay_DOC_BuffaloPound_2019_USaskatchewan_BaulchLabandWSA.xlsx","DOC_BuffaloPound_2019_USaskatch","Qu'Appelle River at Hwy 19","Qu'Appelle @ HWY19",2019-09-23,NA,NA,NA,NA,NA,NA,NA,NA,NA,NA,NA,NA,NA,NA,NA,NA,NA,NA,NA,NA,10.1246235000602,NA,6.94022646706896,1.55774036173743,0.262961278059592,0.0236133105366991,0.0212553326477128,1.11093582622617,0.75393962239372,1.52016210955972,6.46757954262577,0.866087800700094,0.926678819600719,0.132933120026776,0.485164111509083,0.188275365571397,0.0534341833045225,0.545468888946737,0.343815872594536,NA,0.229961812710656,NA,NA,NA,NA,NA,NA,NA,NA,NA,NA,NA,NA,NA,NA,NA,NA,NA,NA,NA,NA,NA,NA,NA,NA,NA,NA,NA,NA,NA,NA,NA,NA,NA,NA,NA,NA,NA,NA,NA,NA
"588","Clay_DOC_BuffaloPound_2019_USaskatchewan_BaulchLabandWSA.xlsx","DOC_BuffaloPound_2019_USaskatch","Qu'Appelle River at Marquis","Qu'Appelle @ Marquis",2019-09-23,NA,NA,NA,NA,NA,NA,NA,NA,NA,NA,NA,NA,NA,NA,NA,NA,NA,NA,NA,NA,10.9172434999165,NA,7.58039493629914,1.87547372630971,0.412643709410108,0.0224516408058064,0.0183923082157735,1.22070816465285,0.755162062066602,1.52398439305362,6.48595087041985,0.866416435625911,0.953221082039591,0.150039814885517,0.49752454972662,0.191156593280653,0.054445885587943,0.54944165985374,0.358859223034661,NA,0.263450199927908,NA,NA,NA,NA,NA,NA,NA,NA,NA,NA,NA,NA,NA,NA,NA,NA,NA,NA,NA,NA,NA,NA,NA,NA,NA,NA,NA,NA,NA,NA,NA,NA,NA,NA,NA,NA,NA,NA,NA,NA
"589","Clay_DOC_BuffaloPound_2019_USaskatchewan_BaulchLabandWSA.xlsx","DOC_BuffaloPound_2019_USaskatch","0.5 mi Below Outlet","BP Outlet",2019-09-23,NA,NA,NA,NA,NA,NA,NA,NA,NA,NA,NA,NA,NA,NA,NA,NA,NA,NA,NA,NA,10.5470702570029,NA,7.2799676672528,1.69257062889382,0.28111921052881,0.0230133263212761,0.0207387753076261,1.10967624557915,0.754458840371199,1.52029123618328,6.43793764977642,0.865554129775468,0.953396684697176,0.148483253195508,0.501405141406021,0.194725503689464,0.056468464528647,0.556047065603338,0.363471386177082,NA,0.257593436212517,NA,NA,NA,NA,NA,NA,NA,NA,NA,NA,NA,NA,NA,NA,NA,NA,NA,NA,NA,NA,NA,NA,NA,NA,NA,NA,NA,NA,NA,NA,NA,NA,NA,NA,NA,NA,NA,NA,NA,NA
"590","Clay_DOC_BuffaloPound_2019_USaskatchewan_BaulchLabandWSA.xlsx","DOC_BuffaloPound_2019_USaskatch","Buoy 0.8 m","Buoy 0.8 m",2019-09-26,NA,NA,NA,NA,NA,NA,NA,NA,NA,NA,NA,NA,NA,NA,NA,NA,NA,NA,5.08,NA,9.67229186666642,NA,6.66515979333733,1.67982159609936,0.415147338054738,0.0225599511680381,0.016717223937308,1.34950343745116,0.786398077722885,1.56573698296603,5.11485248049184,0.836463757189517,0.860076638179857,0.199985512316081,0.464736266013489,0.194264582094508,0.0593794916940527,0.522808727884356,0.365583935637722,NA,0.3051574640893,NA,NA,NA,NA,NA,NA,NA,NA,NA,NA,NA,NA,NA,NA,NA,NA,NA,NA,NA,NA,NA,NA,0.3902,NA,NA,NA,NA,NA,NA,NA,NA,NA,NA,NA,NA,NA,NA,NA,NA,NA
"591","Clay_DOC_BuffaloPound_2019_USaskatchewan_BaulchLabandWSA.xlsx","DOC_BuffaloPound_2019_USaskatch","Buoy 2.8 m","Buoy 2.8 m",2019-09-26,NA,NA,NA,NA,NA,NA,NA,NA,NA,NA,NA,NA,NA,NA,NA,NA,NA,NA,4.645,NA,9.53751043807393,NA,6.53446645775825,1.56524999990544,0.33124653279821,0.0234876834670035,0.0181677100524917,1.29282575509742,0.783704913192974,1.5800810460038,5.12223891106851,0.836661062312991,0.849953738426846,0.202595106973775,0.472643427710803,0.191813999086432,0.0574064253154447,0.517770536544044,0.356779559114446,NA,0.303691446380285,NA,NA,NA,NA,NA,NA,NA,NA,NA,NA,NA,NA,NA,NA,NA,NA,NA,NA,NA,NA,NA,NA,0.3777,NA,NA,NA,NA,NA,NA,NA,NA,NA,NA,NA,NA,NA,NA,NA,NA,NA
"592","Clay_DOC_BuffaloPound_2019_USaskatchewan_BaulchLabandWSA.xlsx","DOC_BuffaloPound_2019_USaskatch","0.5 mi Below Outlet","BP Outlet",2019-09-30,NA,NA,NA,NA,NA,NA,NA,NA,NA,NA,NA,NA,NA,NA,NA,NA,NA,NA,NA,NA,10.1386760431022,NA,6.97243918356723,1.63140042336388,0.291660706655179,0.0239996105074651,0.0197046577476726,1.2179663719508,0.802690158570163,1.57605308190334,3.20426540887421,0.762146319809107,0.855944477835342,0.264635076200956,0.48655647579626,0.196173846533109,0.0548287655511997,0.531836379903499,0.41386965137923,NA,0.434163893240303,NA,NA,NA,NA,NA,NA,NA,NA,NA,NA,NA,NA,NA,NA,NA,NA,NA,NA,NA,NA,NA,NA,NA,NA,NA,NA,NA,NA,NA,NA,NA,NA,NA,NA,NA,NA,NA,NA,NA,NA
"593","Clay_DOC_BuffaloPound_2019_USaskatchewan_BaulchLabandWSA.xlsx","DOC_BuffaloPound_2019_USaskatch","Qu'Appelle River at Hwy 19","Qu'Appelle @ HWY19",2019-09-30,NA,NA,NA,NA,NA,NA,NA,NA,NA,NA,NA,NA,NA,NA,NA,NA,NA,NA,NA,NA,9.67367991576905,NA,6.70555058758606,1.63765258777923,0.254978622424651,0.0217780500801177,0.0217776848114663,1.00001677261171,0.729749739947341,1.60669529720309,7.17399153262623,0.877660749217988,1.17301537236501,0.124411541793462,0.640248465728606,0.258793964939323,0.0715880979329668,0.675448792445476,0.397970639597797,NA,0.261581448769387,NA,NA,NA,NA,NA,NA,NA,NA,NA,NA,NA,NA,NA,NA,NA,NA,NA,NA,NA,NA,NA,NA,NA,NA,NA,NA,NA,NA,NA,NA,NA,NA,NA,NA,NA,NA,NA,NA,NA,NA
"594","Clay_DOC_BuffaloPound_2019_USaskatchewan_BaulchLabandWSA.xlsx","DOC_BuffaloPound_2019_USaskatch","Qu'Appelle River at Marquis","Qu'Appelle @ Marquis",2019-09-30,NA,NA,NA,NA,NA,NA,NA,NA,NA,NA,NA,NA,NA,NA,NA,NA,NA,NA,NA,NA,9.94639685191458,NA,7.01924652053587,1.92611675582868,0.555761683914681,0.0209013512101934,0.0163542024896089,1.27804160572633,0.717500614418069,1.56202282554651,8.56174771002462,0.89541660893734,1.02856987422493,0.110635110136328,0.551272577654179,0.221899738379824,0.061865030265501,0.58880749361274,0.344939516070921,NA,0.208809703460345,NA,NA,NA,NA,NA,NA,NA,NA,NA,NA,NA,NA,NA,NA,NA,NA,NA,NA,NA,NA,NA,NA,NA,NA,NA,NA,NA,NA,NA,NA,NA,NA,NA,NA,NA,NA,NA,NA,NA,NA
"595","Clay_DOC_BuffaloPound_2019_USaskatchewan_BaulchLabandWSA.xlsx","DOC_BuffaloPound_2019_USaskatch","Buoy 0.8 m","Buoy 0.8 m",2019-10-03,NA,NA,NA,NA,NA,NA,NA,NA,NA,NA,NA,NA,NA,NA,NA,NA,NA,NA,4.803,NA,9.3498421765943,NA,6.37451604569992,1.53222208474578,0.340368084492978,0.0231947704180744,0.0182796342696584,1.26888591291864,0.79658400728954,1.59595138783133,5.05714347716384,0.834905677276736,0.864193261094699,0.204521291550059,0.472060851054426,0.192634127550216,0.0580803201652648,0.520640668554852,0.365723786925281,NA,0.316296046778168,NA,NA,NA,NA,NA,NA,NA,NA,NA,NA,NA,NA,NA,NA,NA,NA,NA,NA,NA,NA,NA,NA,0.4153,NA,NA,NA,NA,NA,NA,NA,NA,NA,NA,NA,NA,NA,NA,NA,NA,NA
"596","Clay_DOC_BuffaloPound_2019_USaskatchewan_BaulchLabandWSA.xlsx","DOC_BuffaloPound_2019_USaskatch","Buoy 2.8 m","Buoy 2.8 m",2019-10-03,NA,NA,NA,NA,NA,NA,NA,NA,NA,NA,NA,NA,NA,NA,NA,NA,NA,NA,4.628,NA,9.35065649688641,NA,6.39055610895542,1.53301235033425,0.32959544590834,0.0236633765111342,0.0180401996929533,1.3117025816725,0.799119973827542,1.56014901718387,5.15113650976644,0.837428416941771,0.834083362583502,0.196135781611739,0.461422699894438,0.190930592567436,0.056128789996484,0.514022580201292,0.353831540857306,NA,0.295035354226905,NA,NA,NA,NA,NA,NA,NA,NA,NA,NA,NA,NA,NA,NA,NA,NA,NA,NA,NA,NA,NA,NA,0.3838,NA,NA,NA,NA,NA,NA,NA,NA,NA,NA,NA,NA,NA,NA,NA,NA,NA
"597","Helen_2016_DOC&DOM.xlsx","Combined Needs Verification","Method Blank","Method Blank",NA,NA,NA,NA,NA,NA,NA,NA,NA,NA,NA,"MB1 120416","20160713_MB_1_20160412",NA,NA,NA,NA,NA,NA,0.3835,0.852878001639679,0.327078713628817,NA,0.143703528845409,0.00435935622750722,-0.0164607805278275,0.0497624013975637,NA,NA,0.85567161670482,0.549963605964073,0.0483902462238137,0.0461567115853186,0.466824897498612,0.0911930297909751,0.00779976687793792,0.00254495750888531,0.00168793860893997,0.207146808141095,0.0219770155011231,0.000165508532698761,0.0534327148187655,54.7420117732816,10.693709648324,0.914636157044728,0.298433298353191,0.197935362270268,24.2909773467925,2.57712484434841,0.0194082836929259,6.26576328589234,NA,NA,NA,NA,NA,NA,NA,NA,NA,NA,NA,NA,NA,NA,NA,NA,NA,NA,NA,NA,NA,NA,NA,NA,NA,NA,NA,NA,NA,NA,NA
"598","Helen_2016_DOC&DOM.xlsx","Combined Needs Verification","Method Blank","Method Blank",NA,NA,NA,NA,NA,NA,NA,NA,NA,NA,NA,"MB2 120416","20160713_MB_2_20160412",NA,NA,NA,NA,NA,NA,0.3221,1.12664543847179,0.362892495731764,NA,0.155556873512392,0.020281174024677,-0.0010408182779495,0.0475078905805835,NA,NA,0.898849017124646,1.86264098309809,0.0282196192779,0.0274451282088141,0.459843491897062,0.104567973606853,0.00795561423765308,0.00183835341617451,0.00151572260760836,0.204635827029309,0.020313490427236,0.00141106030943218,0.0528721509147108,53.7857781377964,12.2308348989229,0.93053160450532,0.215023743346478,0.177287101650479,23.9353114387596,2.37597554075669,0.165045234040539,6.18421230022173,NA,NA,NA,NA,NA,NA,NA,NA,NA,NA,NA,NA,NA,NA,NA,NA,NA,NA,NA,NA,NA,NA,NA,NA,NA,NA,NA,NA,NA,NA,NA
"599","Copy of Results_DOC samples shipped Jan22 2018.xlsx","Combined",NA,"Not Provided",NA,NA,NA,NA,NA,NA,NA,NA,NA,NA,NA,NA,NA,"2018_WSA_039",NA,NA,NA,NA,NA,6.607,1.6231357230438,10.7240577221504,NA,6.61711277284364,1.2502300127126,0.197442734115737,0.0260399973477127,0.0220528787671112,1.18079809999898,0.784717109432439,1.58761547198899,3.05437652681685,0.753352952448865,0.81047896163891,0.175672698542934,0.441583637494491,0.175488956512586,0.0532547337341331,0.479363218558785,0.332615024289645,NA,0.302640788908949,NA,NA,NA,NA,NA,NA,NA,NA,NA,NA,NA,NA,NA,NA,NA,NA,NA,NA,NA,NA,NA,NA,0.4118,NA,NA,NA,NA,NA,NA,NA,NA,NA,NA,NA,NA,NA,NA,NA,NA,NA
"600","Copy of Results_DOC samples shipped Jan22 2018.xlsx","Combined",NA,"Not Provided",NA,NA,NA,NA,NA,NA,NA,NA,NA,NA,NA,NA,NA,"2018_WSA_041",NA,NA,NA,NA,NA,6.441,1.66677623148668,10.7357057070057,NA,6.53982835257133,1.22524915265536,0.182763790787273,0.0260043943175138,0.0220656594055455,1.17850066655966,0.772950578605717,1.59568788786277,3.8746680597088,0.794857826676359,0.779111859024677,0.1764427082241,0.425669981477818,0.168660697144302,0.051398670565842,0.465961852616849,0.32271752785391,NA,0.257707086475676,NA,NA,NA,NA,NA,NA,NA,NA,NA,NA,NA,NA,NA,NA,NA,NA,NA,NA,NA,NA,NA,NA,0.3782,NA,NA,NA,NA,NA,NA,NA,NA,NA,NA,NA,NA,NA,NA,NA,NA,NA
"601","Copy of Results_DOC samples shipped Jan22 2018.xlsx","Combined",NA,"Not Provided",NA,NA,NA,NA,NA,NA,NA,NA,NA,NA,NA,NA,NA,"2018_WSA_042",NA,NA,NA,NA,NA,6.686,1.70076545626614,11.3713178405954,NA,6.87651652688714,1.35108841813625,0.237040615490029,0.0258244599060248,0.021193641178441,1.21850038361008,0.781633102311229,1.57933236375994,3.70783136391273,0.787587973591117,0.809216885525142,0.233778565273288,0.437146593204768,0.176520594903667,0.0513023787338675,0.480821904521513,0.339803757757183,NA,0.313500712188448,NA,NA,NA,NA,NA,NA,NA,NA,NA,NA,NA,NA,NA,NA,NA,NA,NA,NA,NA,NA,NA,NA,0.4031,NA,NA,NA,NA,NA,NA,NA,NA,NA,NA,NA,NA,NA,NA,NA,NA,NA
"602","Copy of Results_DOC samples shipped Jan22 2018.xlsx","Combined",NA,"Not Provided",NA,NA,NA,NA,NA,NA,NA,NA,NA,NA,NA,NA,NA,"2018_WSA_043",NA,NA,NA,NA,NA,6.838,1.73655065948285,11.8745334095437,NA,7.59517850884659,1.63678434260469,0.352127911429288,0.0241340987989429,0.019187396113538,1.25781000486641,0.764800376995351,1.56447437931231,4.32293095103944,0.812133576558094,0.892705082730989,0.238685298429083,0.483648294293425,0.194938795275715,0.0594928890061589,0.526954585956771,0.368870381711258,NA,0.329553583099238,NA,NA,NA,NA,NA,NA,NA,NA,NA,NA,NA,NA,NA,NA,NA,NA,NA,NA,NA,NA,NA,NA,0.4072,NA,NA,NA,NA,NA,NA,NA,NA,NA,NA,NA,NA,NA,NA,NA,NA,NA
"603","Copy of Results_DOC samples shipped Jan22 2018.xlsx","Combined",NA,"Not Provided",NA,NA,NA,NA,NA,NA,NA,NA,NA,NA,NA,NA,NA,"2018_WSA_044",NA,NA,NA,NA,NA,6.501,1.87063647912886,12.1610077508167,NA,7.66060736903636,1.62629474474382,0.307260485154136,0.0243527547143961,0.0201551601223649,1.20826401609052,0.772873832961395,1.57342713716483,4.03465578033304,0.801376689165858,0.924496352224268,0.235377144062197,0.501158310327721,0.206953544406288,0.0619633604389621,0.54200099004789,0.38266592889437,NA,0.352573499551052,NA,NA,NA,NA,NA,NA,NA,NA,NA,NA,NA,NA,NA,NA,NA,NA,NA,NA,NA,NA,NA,NA,0.3952,NA,NA,NA,NA,NA,NA,NA,NA,NA,NA,NA,NA,NA,NA,NA,NA,NA
"604","Copy of Results_DOC samples shipped Jan22 2018.xlsx","Combined",NA,"Not Provided",NA,NA,NA,NA,NA,NA,NA,NA,NA,NA,NA,NA,NA,"2018_WSA_048",NA,NA,NA,NA,NA,7.082,1.66743515200801,11.8087757465207,NA,7.03040266060622,1.43908045014276,0.332481009410816,0.0265639450867834,0.0188554262928193,1.40882230262276,0.768755245288068,1.60565383096587,3.75022412158054,0.789483617108308,0.817093449820134,0.200956693960409,0.446559580944341,0.179404569602907,0.0532727549920236,0.488821714987646,0.342668939247087,NA,0.304481436088105,NA,NA,NA,NA,NA,NA,NA,NA,NA,NA,NA,NA,NA,NA,NA,NA,NA,NA,NA,NA,NA,NA,0.4143,NA,NA,NA,NA,NA,NA,NA,NA,NA,NA,NA,NA,NA,NA,NA,NA,NA
"605","2018 - 3D-EEM DOC -WSA sample list.xlsx","Sheet1","Method Blank","Method Blank",NA,NA,NA,"WSA","Baulch2019_079","20190730_001S0125","126","1",NA,NA,"WSA 174",NA,NA,NA,NA,NA,NA,NA,NA,0.261,NA,0.306989952944298,NA,0.215774767882295,-0.101269917970175,-0.0868417261099902,0.0892533485938697,NA,NA,0.568164669031925,1.93068628930996,1.21076639672882,NA,NA,NA,NA,NA,NA,NA,NA,NA,NA,NA,NA,NA,NA,NA,NA,NA,NA,NA,NA,NA,NA,NA,NA,NA,NA,NA,NA,NA,NA,NA,NA,0.00226,NA,NA,0.54766817449385,0.0799808422321554,0.0844318745801464,0.113528681614804,0.0109302467049105,0.00577586235682427,0.503349897859102,0.0847462297514666,NA,0.0582880452637143,NA,NA,NA,NA,NA
"606","2018 - 3D-EEM DOC -WSA sample list.xlsx","Sheet1","Method Blank","Method Blank",NA,NA,NA,"WSA","Baulch2019_091","20190730_001S0136","137","1",NA,NA,"WSA 186",NA,NA,NA,NA,NA,NA,NA,NA,0.4024,NA,0.329387377141121,NA,0.257164134610197,-0.133371479232583,-0.0950702464178295,0.161936154592751,NA,NA,0.711671964830764,1.38987584102014,1.19045572013861,NA,NA,NA,NA,NA,NA,NA,NA,NA,NA,NA,NA,NA,NA,NA,NA,NA,NA,NA,NA,NA,NA,NA,NA,NA,NA,NA,NA,NA,NA,NA,NA,0.00226,NA,NA,0.543473994563688,0.0709707575529412,0.151277688113131,0.0477009659079541,0.0122985147057818,0.00387767398171084,0.103304986012079,0.034197628498551,NA,0.0562969673864892,NA,NA,NA,NA,NA
"607","Clay_DOC_BuffaloPound_2019_USaskatchewan_BaulchLabandWSA.xlsx","DOC_BuffaloPound_2019_USaskatch","0.5 mi Below Outlet","BP Outlet",NA,NA,NA,NA,NA,NA,NA,NA,NA,NA,NA,NA,NA,NA,NA,NA,NA,NA,NA,NA,NA,0.276999404274439,NA,0.155705611946407,-0.0563126449055632,-0.0847279672873929,NA,NA,NA,1.01620995754519,-0.537098797468348,0.255192454500462,0.203309423654895,0.0306870997132664,0.00631376817856344,0.0076275868809917,0.00486937383638585,0.00198052750800854,0.0128171588605752,0.00901918241418781,NA,0.0153820447127214,NA,NA,NA,NA,NA,NA,NA,NA,NA,NA,NA,NA,NA,NA,NA,NA,NA,NA,NA,NA,NA,NA,NA,NA,NA,NA,NA,NA,NA,NA,NA,NA,NA,NA,NA,NA,NA,NA,NA,NA
"608","Clay_DOC_BuffaloPound_2019_USaskatchewan_BaulchLabandWSA.xlsx","DOC_BuffaloPound_2019_USaskatch","Upstream of Causeway Centre","BPL u/s causeway Centre",NA,NA,NA,NA,NA,NA,NA,NA,NA,NA,NA,NA,NA,NA,NA,NA,NA,NA,NA,NA,NA,0.443716295592818,NA,0.348892388372527,0.122481201270768,0.0898571444209405,0.0515969763139801,0.0122049948921781,4.22752952949185,0.714569510178947,-0.905406907618937,0.345678269153287,0.256880323534384,0.0232180919855151,0.0107933421186945,0.00726752253865483,0.00427278566871168,0.00210518565770995,0.0167966387342102,0.0093743551229259,NA,0.0175107948424972,NA,NA,NA,NA,NA,NA,NA,NA,NA,NA,NA,NA,NA,NA,NA,NA,NA,NA,NA,NA,NA,NA,NA,NA,NA,NA,NA,NA,NA,NA,NA,NA,NA,NA,NA,NA,NA,NA,NA,NA
"609","Clay_DOC_BuffaloPound_2019_USaskatchewan_BaulchLabandWSA.xlsx","DOC_BuffaloPound_2019_USaskatch","Qu'Appelle River at Marquis","Qu'Appelle @ Marquis",NA,NA,NA,NA,NA,NA,NA,NA,NA,NA,NA,NA,NA,NA,NA,NA,NA,NA,NA,NA,NA,0.210055189357529,NA,0.12175018496835,-0.0844498281733906,-0.074346862299356,NA,NA,NA,0.913602273021814,-0.301050158744502,0.571976631982057,0.363858228134644,0.0249254537937031,0.0028542759602565,0.00913291786908803,0.0043754785762863,0.00232739113731255,0.0143750258171396,0.00436411985930869,NA,0.0141002707006477,NA,NA,NA,NA,NA,NA,NA,NA,NA,NA,NA,NA,NA,NA,NA,NA,NA,NA,NA,NA,NA,NA,NA,NA,NA,NA,NA,NA,NA,NA,NA,NA,NA,NA,NA,NA,NA,NA,NA,NA
"610","Clay_DOC_BuffaloPound_2019_USaskatchewan_BaulchLabandWSA.xlsx","DOC_BuffaloPound_2019_USaskatch","Method Blank","Method Blank",NA,NA,NA,NA,NA,NA,NA,NA,NA,NA,NA,NA,NA,NA,NA,NA,NA,NA,NA,NA,NA,0.723075775310959,NA,0.583905770519378,0.177009793150248,0.095074167903726,0.0419705750449649,0.0137970535699593,3.04199551245845,0.868651338785163,1.04210180254841,1.78648508705239,0.641124941006656,0.0634824317854876,0.0442625284106532,0.037912616642408,0.0123885045976873,0.0038251539585933,0.047365024860091,0.0327477704403025,NA,0.0374840683588758,NA,NA,NA,NA,NA,NA,NA,NA,NA,NA,NA,NA,NA,NA,NA,NA,NA,NA,NA,NA,NA,NA,NA,NA,NA,NA,NA,NA,NA,NA,NA,NA,NA,NA,NA,NA,NA,NA,NA,NA
